3.184810
0.470531
0.388230
1.486610
0.056775
0.008004
0.572147
1.040469
0.817235
2.035740
0.132107
0.321344
0.612578
3.471720
0.129852
3.543869
0.918393
0.794251
2.484945
0.465452
2.721305
0.549757
1.709936
1.151609
0.029251
1.340408
1.767752
0.887499
3.205322
0.992693
1.313108
4.723176
0.119296
0.789501
0.983931
2.375300
1.211015
0.183353
1.284095
0.488475
0.974381
2.191247
0.609715
0.359242
0.009754
0.444213
0.095587
0.767394
0.336513
0.203563
1.059820
0.194376
0.131147
0.137664
0.516314
0.238802
0.271209
2.226609
0.007697
1.438570
4.950737
0.086402
0.580573
0.541537
0.351146
0.238012
1.086343
1.803957
0.559513
0.384725
1.106588
0.946819
1.065332
0.708052
0.238796
0.407580
0.296094
0.732688
0.152486
0.044082
0.443838
0.600045
0.374460
0.185667
1.235064
0.391125
1.166203
0.339853
0.228866
0.072584
0.601882
1.028680
0.460940
0.878466
1.899979
0.252610
1.073829
0.383534
0.077535
0.963717
0.054621
0.927241
2.914735
2.366865
0.502295
0.146487
0.053827
0.291006
2.755194
0.186849
2.314368
1.738918
3.058874
0.391468
0.130175
1.525212
1.055092
0.446382
3.027081
1.410069
0.833827
1.124641
1.716217
1.172328
2.365230
0.111811
1.525405
0.491280
1.620893
0.510748
1.059980
1.485546
0.405602
3.082628
1.264821
0.737065
0.218903
0.181567
3.206809
0.408490
0.582896
0.409510
1.186809
0.675968
0.064647
0.801852
0.742888
1.506244
0.838275
0.167872
0.082886
1.521552
0.658328
0.796966
2.277781
2.330099
0.399683
1.151838
1.815500
0.589496
0.227786
2.058920
0.363937
0.104127
1.043118
1.890340
1.107911
1.004295
0.326934
0.817984
0.044233
0.887261
0.646579
0.452003
0.025380
0.161456
0.427423
1.930261
1.442070
1.413533
0.323506
0.072425
0.894673
1.500866
2.644941
0.071694
0.540922
0.519069
0.572155
0.596991
2.048760
0.098408
0.688200
4.665475
1.018682
0.409206
0.497623
0.822670
2.809417
0.001983
0.753789
1.442273
0.370426
0.425026
0.825314
1.493260
3.990530
0.524831
0.091373
1.040338
0.439811
1.995173
0.619302
0.605767
0.362425
2.749558
0.384085
2.796031
3.513894
0.831359
0.512653
0.564596
1.481831
2.621789
0.522208
0.288540
0.341462
0.229469
1.995959
0.152257
0.761318
2.296501
1.007834
0.169015
0.384065
0.090610
0.125979
4.680108
0.538111
2.013816
1.320921
2.093297
0.883371
0.533397
0.387278
1.096452
1.920855
1.340962
0.633105
0.635120
4.059054
0.214345
2.144134
2.680443
0.090869
0.527334
0.829138
1.137210
1.268586
0.335203
0.302647
2.633433
0.986536
0.303570
0.504939
1.736234
1.282746
1.226414
0.779193
0.606640
1.950141
0.702293
1.031249
3.299655
0.144347
0.059408
0.130699
0.722014
2.162684
0.682091
0.539711
3.778677
1.711834
0.956995
1.808166
2.045036
1.638416
0.030403
0.355326
0.484418
1.686436
0.626122
0.001323
0.474282
0.174312
0.477380
0.265244
1.180277
0.479551
1.130535
0.648014
0.279636
1.795091
0.332830
0.488805
1.274201
0.206643
1.581447
1.517851
2.143863
0.955340
1.561050
0.639546
0.773405
0.020935
3.221060
0.133298
0.204729
1.318985
2.271755
2.788229
0.798446
1.469538
0.556066
1.044898
1.199949
0.009387
3.186667
1.054565
1.234916
0.411714
0.198170
0.399960
0.180270
0.048588
0.391925
0.317234
0.272123
2.293850
1.545860
2.526979
0.688277
0.319496
1.107306
1.861189
1.088695
0.298417
0.904447
2.643055
0.573706
0.486216
1.531632
0.365677
1.734936
2.219201
1.698357
1.528335
0.129128
0.341940
1.326890
0.443013
1.298537
0.621021
0.255094
2.387790
1.828125
1.051191
0.110607
0.287984
0.770583
0.957674
3.861507
1.948475
0.170282
0.520116
1.035071
0.396017
1.788538
1.251438
0.501712
5.131362
0.246878
0.593759
1.101299
1.453066
2.403872
0.220531
0.779285
0.097650
0.906267
0.576464
0.589981
0.271239
2.391815
0.282852
0.353089
1.481673
2.486997
0.507787
0.703681
0.271512
0.368527
1.483458
1.546487
0.254739
0.347367
1.529241
1.600325
0.969814
0.541930
0.609364
1.747995
0.169004
0.542515
0.432177
1.779033
0.544284
0.276040
2.033297
0.428000
0.974249
0.200945
0.821109
0.109038
0.031354
0.969850
0.278551
2.158480
0.098452
2.014732
0.009440
0.529439
0.334552
0.956453
0.547583
0.710512
1.328504
0.525769
1.119405
0.533010
0.965014
0.280501
1.294805
0.534194
1.272020
0.082819
1.182163
0.446391
0.803253
0.335463
0.356441
0.835346
0.837614
0.581904
0.024970
0.134847
0.477921
1.311104
1.081701
1.764618
0.324511
0.444452
0.013741
0.312908
4.230649
1.130418
0.237201
0.492471
0.932787
1.317431
0.864306
1.600560
1.506203
1.006448
1.371836
0.926522
0.598229
1.921050
0.334890
2.349185
0.328560
0.028713
0.154807
1.976670
0.008711
0.052009
0.383568
0.428937
2.394195
0.017883
0.407239
2.335583
0.570007
1.287710
2.649036
0.446900
0.912947
0.418767
0.383033
0.877460
1.303812
2.391112
0.440546
1.016700
1.623312
0.043049
0.154742
1.278015
0.906503
0.340538
0.499691
0.952538
0.920964
0.304418
0.392440
0.816894
0.352738
0.078430
0.718686
0.269942
1.245939
1.341446
1.782305
0.796336
3.494116
1.275656
0.106735
2.247793
0.366976
1.427568
1.729074
1.104909
0.894186
0.209225
1.019852
0.001700
3.571879
0.748509
0.120213
0.394507
0.401387
0.889397
0.226102
4.030890
0.228176
0.520943
0.901480
0.277124
0.650730
0.686664
1.288879
1.958011
3.341809
1.665602
1.647793
0.357235
0.738637
0.371282
0.046210
2.347489
3.165290
0.126325
1.222762
0.707738
1.091488
0.106642
0.411949
2.681750
0.475962
0.478643
1.079690
2.390413
0.002768
2.705730
0.485033
1.333246
2.095714
0.438266
0.586851
3.074697
2.194050
2.445445
0.549824
0.223892
0.843054
0.013891
1.296080
2.074056
0.912514
0.917125
0.344717
2.585125
0.313846
0.394655
0.608476
1.225079
1.320888
1.162969
2.464813
1.489863
0.260796
0.428851
0.731084
0.560085
0.615282
0.654684
1.653668
0.884995
0.614310
0.034595
1.142061
0.164955
0.021505
2.351169
0.120048
2.115287
0.012118
1.476753
0.718682
0.428090
0.125426
4.133209
2.705943
0.763509
1.149562
0.559239
0.888994
0.838032
1.399846
0.102381
0.238290
0.858072
0.602354
0.344700
0.243592
0.565670
2.256789
1.862342
2.633974
1.193352
1.030674
0.045058
0.841188
1.629295
0.621221
0.351931
4.325852
1.111330
1.267340
0.023436
0.089070
0.179921
1.597886
4.212252
1.212298
0.595614
0.170422
1.803123
0.063375
0.474063
0.409515
0.152105
0.910620
1.652168
0.599021
0.652274
0.268641
2.057839
0.435720
0.777016
0.720573
0.618864
0.171199
0.900830
0.015544
0.212299
2.437488
0.002930
0.199590
0.024933
2.120721
1.059616
0.200890
0.797203
0.959233
1.019531
1.844504
0.296051
0.191458
0.059398
1.978472
0.294275
0.009824
0.189078
1.998817
0.249835
0.024479
0.019076
0.729198
0.239443
0.028040
1.149238
0.059550
3.272510
0.328534
0.527012
0.839766
0.164671
0.330114
0.490157
0.592903
0.611021
0.247350
0.842625
0.983077
0.192813
0.845352
1.750954
0.776953
1.589159
1.047115
0.370193
2.503348
0.082661
1.444319
2.952325
1.394842
0.206403
0.688318
0.715570
1.501476
0.364433
1.163471
1.005028
2.069810
0.734705
0.524831
0.125411
1.414576
0.806753
1.387529
0.580712
0.469221
1.772150
2.654041
0.759410
0.519121
0.170764
0.999580
0.202142
1.471842
0.378965
0.946307
0.060953
0.026542
1.593425
0.713370
0.461423
0.875381
1.375214
0.465977
0.949707
1.487822
0.731835
0.338025
3.507772
0.383126
1.521931
2.301466
0.878583
0.086085
0.437122
0.604158
1.071400
0.339964
0.865186
0.433122
1.065626
2.490712
0.119291
0.678562
0.676117
0.611903
0.002361
0.072394
2.520308
0.408542
0.734042
1.989571
2.461966
0.347268
0.054419
0.470440
0.230667
0.219290
1.025557
0.232655
0.504823
0.258181
0.113790
0.604732
0.085422
0.373378
3.342116
1.045407
1.577729
0.025013
0.288323
0.413994
0.860004
0.729585
0.280798
2.177954
1.005233
2.482894
1.874578
0.104147
0.685148
1.459960
0.252347
0.540782
3.787351
1.275013
3.457149
0.659066
0.471959
0.761631
1.254757
0.538336
3.243431
1.871029
0.817062
1.401343
0.553863
0.942418
0.282337
1.941066
0.300918
1.115366
0.581042
0.637428
1.525761
0.156849
0.239623
0.781749
0.560414
0.790316
1.456486
0.286201
1.470792
2.344687
5.581197
2.860103
1.889112
1.657842
2.832017
0.634062
3.786757
1.596484
0.111767
0.321410
0.841833
0.416110
1.460490
0.609791
0.328470
0.156921
0.086697
3.322269
1.413482
0.463207
0.452627
0.583981
0.513351
0.257771
0.389432
0.889806
3.768308
1.940705
0.064988
1.386626
1.534700
0.894928
0.071412
0.203538
1.445955
0.201816
1.220015
1.595561
0.065764
0.163944
0.271292
0.002824
0.456846
0.218581
1.381048
2.427170
1.844247
0.023331
1.029081
1.000420
0.539907
0.564983
0.819119
0.306591
1.126212
2.239997
0.581028
1.106036
0.484004
0.371827
0.050503
1.787695
3.222149
4.440372
0.208067
0.904929
0.007284
0.151921
0.327593
0.692664
0.470232
0.749931
0.762111
1.792312
0.659906
0.050048
0.207593
0.771293
1.190333
1.093553
0.171640
0.452880
2.582910
0.821701
0.359330
0.195440
0.408695
0.556985
1.784420
0.828465
0.544506
0.317238
0.061335
1.037596
0.902432
0.029472
0.953708
2.392173
2.497075
0.729943
0.405871
0.265385
0.461760
0.426164
1.167261
0.158783
0.220523
1.326018
0.496969
1.559322
3.207431
0.164509
0.920810
2.767096
0.253579
1.529473
0.107002
0.106802
1.723059
2.388763
0.090988
0.011199
2.193741
0.949243
0.520459
0.587082
0.136541
0.372524
1.590293
1.122271
0.958375
0.921566
0.668420
0.073557
0.261634
0.605428
0.856307
0.105883
0.394143
0.380360
2.215658
1.268383
0.146048
0.323888
2.953771
0.417687
0.722345
0.742968
0.816625
0.755282
0.289316
0.322499
0.580225
1.380655
1.610348
0.483940
1.471276
0.400296
0.632736
0.743141
0.367719
2.650234
0.624507
2.050250
1.284578
0.694170
5.025824
0.097309
1.317459
0.961692
0.606291
0.546989
0.068401
0.051071
0.116469
2.063285
2.967910
2.015851
0.205137
1.926342
0.000845
0.178440
0.623924
2.091090
2.453086
0.671538
1.470059
1.575011
1.687307
0.117939
0.127076
0.601761
1.179584
0.238593
1.220058
1.101702
0.878834
0.076049
1.603967
0.623451
0.920792
1.070428
1.057175
0.565079
0.609600
0.022144
1.613180
1.653492
1.509415
0.290454
1.085908
1.752187
1.299309
0.041556
0.060719
0.356442
0.667211
0.310084
0.612195
0.607857
1.457725
0.238711
1.344509
0.926525
0.422825
0.065063
0.636328
1.472696
0.573675
0.919362
1.097866
0.636059
1.809838
0.004588
0.448336
1.333219
2.954506
0.807869
0.335774
0.936688
0.034875
0.324630
0.528051
0.300629
0.313934
0.179667
0.229489
0.996944
1.398445
2.452255
0.438235
0.017741
0.129211
1.000525
3.059177
1.725037
0.976260
0.274547
0.392148
0.600506
0.806859
0.019192
0.669551
0.468117
0.422270
1.570418
0.368700
1.095993
1.301092
0.748655
0.074701
0.679818
0.594155
1.804656
0.605037
2.923645
0.125043
0.186465
1.752715
0.743364
3.056022
0.917111
0.520395
0.290196
1.204584
2.501881
0.044617
0.856221
0.272576
1.235086
0.568785
0.750041
0.988767
1.234140
0.437364
3.381953
1.241001
0.022395
0.084013
0.099166
0.597096
0.901366
2.333657
0.344150
1.481218
0.252768
0.198960
0.284095
1.202143
0.225594
1.262362
0.319222
3.486758
1.854403
1.017606
0.199464
3.260018
0.562352
0.941446
2.500418
0.119107
0.231831
3.845693
0.042062
0.037988
3.759131
0.289565
1.097328
0.423240
3.272699
2.791123
1.841062
0.238192
1.364960
2.133806
0.004632
1.025966
0.021279
0.491824
0.539893
0.207951
0.148858
0.406738
0.914063
0.099567
0.818197
0.315436
1.675903
0.514493
0.202233
0.887283
0.192622
2.845906
3.089799
0.641293
1.199805
2.101686
0.360521
0.777030
2.479890
1.645473
3.187464
0.185652
1.349046
0.654538
0.806425
1.398028
1.089440
0.614432
2.838000
0.469746
0.987129
0.988930
1.157440
0.556398
0.269362
1.911828
1.505201
0.109639
0.647201
0.662759
0.446437
0.786378
0.175028
1.571332
0.535186
0.620520
1.094734
0.947905
0.100242
0.903196
0.796616
0.353818
0.948248
1.477422
3.551594
0.178602
0.185589
1.240461
0.585031
0.408732
0.633742
1.709902
0.425520
1.062029
0.081121
1.700460
1.427195
0.269901
0.757282
0.780244
0.054468
4.010296
0.026672
0.289415
0.223113
1.247226
1.678196
0.041403
0.803015
0.039195
0.866172
0.962661
7.825920
0.432183
0.566985
1.035020
0.933989
0.081209
0.296872
2.122227
0.735223
0.569232
0.537075
0.406933
1.876571
0.608836
0.297583
0.197221
3.524113
1.164619
3.235238
0.777954
0.418024
0.917049
0.383798
1.339967
0.057196
0.242907
0.454727
1.619998
0.301034
1.710693
0.904928
0.792355
1.067047
2.756687
0.664333
0.079715
0.860427
0.105223
0.553291
0.150534
0.846335
0.372187
0.864311
0.899330
1.733135
2.201117
0.534450
1.274958
0.502642
0.343319
0.392906
0.644642
0.457853
2.140208
1.461904
0.551474
0.243011
1.039401
3.832339
0.213702
0.934181
0.053318
0.545317
1.374868
0.352766
0.644866
0.360874
0.092456
0.335656
1.878674
2.118366
0.194893
4.185062
0.783280
0.747999
0.652507
0.290948
2.417004
0.221183
0.706669
0.417496
0.664247
2.533177
0.471234
0.407419
1.133961
1.593599
0.287069
1.005030
2.381915
3.175086
0.737790
0.423865
1.340813
0.462117
1.084112
0.993836
2.304915
2.262418
0.356988
4.628271
0.122001
1.658784
1.384843
0.773464
0.034304
0.712686
0.071531
1.934442
0.094727
1.372108
0.509362
1.937878
0.023466
0.335783
1.358601
0.514780
1.838044
0.422054
1.143070
0.083491
0.158244
2.100200
1.579742
0.333861
0.958832
1.171749
2.871878
0.040759
0.603953
0.406665
0.676830
2.530786
1.009076
3.335330
4.344284
1.444311
0.789505
0.229185
1.775760
0.879341
0.613786
0.585794
0.207131
2.013923
0.088025
0.321769
0.284514
0.013692
0.105243
1.061001
0.249145
2.870438
1.129355
0.816761
1.544768
1.421797
1.897148
0.019771
5.036697
0.775382
0.860024
0.876234
0.832388
0.670768
1.331204
2.249244
0.153387
1.166722
1.500232
0.598872
0.392636
1.394821
0.618716
0.010596
0.594889
0.161821
0.692814
1.446597
0.641279
0.400095
1.320066
1.053768
0.573615
0.881683
0.372792
0.811172
2.399517
0.154488
2.826046
1.575652
1.039128
0.109841
0.443682
1.499174
1.291028
0.316695
0.021593
0.496965
0.051848
0.967694
0.781186
0.200486
0.150706
0.650586
0.442245
0.832960
0.813862
0.978574
0.589468
0.037817
0.156567
0.048371
1.048579
1.362948
1.225059
1.026045
3.885998
0.996382
0.965083
0.354820
0.000780
0.216503
1.893001
0.354730
0.093399
0.401252
2.234379
0.281338
0.791444
0.071742
0.686721
1.317528
1.181634
0.215490
0.824124
0.156508
0.044850
0.135760
1.351733
1.966823
0.356490
0.580796
0.816274
0.848451
1.034300
2.367395
0.384663
0.272845
0.596544
3.090202
1.180479
1.219464
0.004935
2.364072
0.407604
1.408355
0.089345
1.483462
1.111920
0.716821
0.462864
0.015017
0.384344
0.637140
0.589671
0.757858
0.236221
0.145647
3.543830
0.484264
0.757394
0.430821
4.010960
0.023445
1.888744
0.768583
0.587224
2.867014
0.063508
0.772000
0.889461
0.062793
0.259656
0.045415
0.123231
1.452991
0.454824
1.534100
2.037195
0.214400
1.114357
0.881939
4.571866
1.206335
0.138623
0.835651
1.016896
1.396399
0.956873
1.608827
0.934859
1.030215
0.247640
1.067513
0.741339
3.311927
0.824872
1.456446
2.424081
1.650480
0.037323
0.236867
0.388372
0.021688
1.168797
2.214576
0.830461
0.347872
0.441141
1.404934
0.736535
1.421080
1.205715
1.525331
0.289135
0.686262
3.132365
1.060834
0.057716
1.375032
0.007946
2.481794
0.005289
0.081789
2.069655
1.126556
0.666973
0.383706
1.536207
1.502884
0.082908
1.501127
0.006305
0.032589
1.561912
4.174604
2.178720
1.189602
2.294673
0.045697
0.077503
0.134226
1.473405
1.497124
1.608174
0.284830
0.056578
1.697692
0.151887
0.687913
1.248005
0.817346
0.756608
0.617383
5.277099
0.746508
0.531947
0.114099
0.503214
0.794810
1.628413
0.170818
1.335874
2.327717
0.424437
1.640865
0.864030
1.502700
0.048530
0.155428
0.552984
0.186015
0.869526
0.108341
4.666069
0.928882
0.133141
0.011920
0.152608
0.980230
1.042247
0.851678
0.760485
3.169669
1.610960
0.660403
0.216411
3.289045
1.973709
1.582683
0.164116
2.143675
2.522702
4.752988
0.168486
0.816467
0.132202
0.088335
0.965439
0.209935
1.171295
1.505957
0.935156
1.071658
0.206864
1.698628
1.873303
0.352505
0.902751
0.027350
0.048292
1.526925
0.231730
0.406595
1.585677
1.456814
0.058180
1.575289
1.037656
0.673666
0.732892
0.262536
2.503490
0.322979
0.494196
1.021695
1.496325
0.500761
0.937346
0.141484
0.984207
1.941257
1.667998
2.426583
0.104982
0.365035
0.388020
2.752132
0.869775
0.170903
0.660696
0.988321
0.417086
1.371317
4.540561
0.175301
0.897291
1.789182
0.360527
1.025810
0.465585
0.769359
0.440124
0.459979
0.212270
2.956907
0.239160
0.163737
3.031901
0.061813
0.152649
0.806038
0.228858
4.031681
2.919887
0.809035
0.273399
1.428623
0.528247
0.125670
1.077615
0.434847
2.427792
0.495777
0.534980
0.945327
0.141779
2.334952
0.994857
1.964031
1.218804
0.449527
2.024933
2.520211
1.314913
2.616119
0.345294
0.107997
0.011147
0.502464
0.823941
0.162454
0.290949
1.538242
0.117179
1.651548
0.937129
0.816494
2.053019
1.009033
0.187513
0.215590
0.987639
2.024764
1.570426
0.132744
2.679212
0.936519
0.659958
0.916676
0.707583
1.816142
0.007092
0.855001
0.225030
0.786855
1.640152
0.292997
0.383018
1.016264
1.051539
0.659639
0.169359
0.043594
1.637287
1.200786
0.343252
0.706740
0.095385
0.174791
3.218439
4.139931
0.814396
0.209326
2.969052
2.746351
0.399318
0.062872
0.426451
0.594428
0.154173
1.346155
0.615394
1.215735
0.571832
0.166001
0.154955
1.049992
0.284243
0.454495
0.686125
2.147918
2.857719
0.808242
3.606654
1.311247
1.106822
0.034777
0.148542
0.140805
0.174787
0.875277
1.426565
1.166672
0.585665
0.968972
0.341825
0.178127
1.634328
0.288690
0.438408
0.879507
0.743919
0.877002
0.721532
4.533649
0.737938
0.353855
0.151383
3.055492
2.834469
2.646928
2.276449
0.467619
0.778093
0.139813
0.462018
2.401738
0.055444
0.438131
1.577846
0.174149
1.287164
0.407427
0.500257
0.261635
0.190596
1.059427
3.482218
0.027072
7.028825
0.940915
3.387031
0.051357
0.087083
0.265340
0.725586
0.774255
0.952970
0.026637
1.148339
1.223817
0.263451
0.411485
1.824853
0.300590
3.106984
0.419163
1.845674
0.486616
0.671839
1.045846
0.140215
0.281959
0.390706
1.976698
1.134848
1.011915
0.804336
0.013544
3.984418
1.368546
1.144484
0.287121
1.223547
0.479368
0.638920
0.330054
0.813678
2.097716
0.147855
0.186745
0.229378
0.814558
0.183187
0.545392
0.151211
2.889502
0.464819
0.663045
0.168788
0.598516
0.561214
0.289169
0.190409
0.716023
0.910401
1.079637
0.012828
0.405930
0.392884
0.023434
1.306570
0.713115
2.279436
0.184768
0.464147
0.995963
3.171983
0.440932
0.471900
0.227968
0.792367
0.403449
0.675468
1.707321
0.218521
1.611118
1.819167
1.407911
0.135986
0.469353
1.002590
1.150853
0.284047
1.393125
0.810587
0.974168
0.331106
0.121578
0.901710
0.294328
0.657308
1.005579
0.986950
0.199696
0.102825
1.457221
0.497193
0.437533
0.400498
0.131798
1.392464
2.451573
1.065787
0.720205
0.346004
0.680011
0.437697
0.560298
0.709409
0.063811
0.176318
0.461428
1.250538
2.149221
0.399746
0.776850
1.016852
0.178764
2.204156
2.353916
0.910059
2.164904
1.793328
0.965210
0.620537
4.458782
0.215322
0.780834
1.034458
0.214737
1.520547
1.539915
1.555552
0.532096
0.959025
3.099877
0.048756
0.259757
2.506284
0.544564
1.131921
2.198843
0.119589
1.214865
1.067136
0.175713
0.717959
0.232022
0.789124
0.743078
1.932575
5.192732
0.066343
1.191806
3.558975
0.757313
1.468385
0.537831
3.231374
0.019298
0.375785
2.126798
1.031059
1.744704
0.770707
0.256791
0.608776
1.824439
1.245139
0.835671
0.377971
0.509046
0.276477
0.641450
2.431033
3.862308
0.852977
0.289128
1.751300
0.182042
0.372201
0.711442
4.943263
2.052807
1.560625
0.879713
0.073422
0.363886
2.982989
0.252149
0.638442
0.681717
0.804085
0.019284
1.592112
2.038256
1.393227
0.346695
1.035552
0.010912
0.129293
1.593313
0.348626
0.111213
0.877119
3.353442
0.426473
0.247899
0.744248
0.269672
0.744171
2.509931
2.276262
3.131707
0.753731
2.000335
1.203070
0.964848
0.089935
4.117582
0.356813
1.105198
0.397718
1.540465
0.193326
0.252842
0.092940
1.282433
1.610488
1.848657
2.665121
0.496381
0.572272
0.337019
1.467463
0.016196
0.554308
0.523443
0.163650
0.550129
0.774797
0.210380
0.831609
0.215177
0.193422
2.933820
0.923335
0.184367
0.232654
1.997924
0.517127
2.436910
1.182680
1.132452
1.282097
0.234713
0.279922
1.289005
0.547492
1.495578
0.393010
0.120347
0.199260
0.079239
0.383643
1.228022
0.174348
0.898950
0.232857
2.052546
1.139266
0.150665
0.869921
0.583402
1.072797
0.034734
0.370690
1.287712
0.128292
0.123202
0.425414
0.736155
0.014156
1.596898
1.636730
0.868625
0.146182
1.655002
0.543281
1.480560
0.090333
0.227459
0.186484
0.079923
2.495435
0.767052
0.592642
0.057221
0.576174
0.915364
0.764164
1.118313
1.579007
4.063343
0.178662
0.139175
2.175169
2.578939
0.102879
1.129805
0.480682
0.069857
0.306615
1.960499
0.639298
0.980015
0.834849
0.241052
1.169891
1.392431
0.305019
1.243839
0.386303
0.570765
2.106222
3.646397
0.242773
0.269790
0.094826
0.685036
0.974514
0.194096
2.012822
6.838011
1.780943
0.579936
2.303313
0.158125
0.720338
0.055197
0.678562
0.514808
0.289972
0.108246
0.569573
0.101378
0.756728
0.269282
0.366179
0.039313
0.113833
2.168593
2.022168
0.652744
1.116770
0.003095
0.109632
4.534323
0.728517
0.145653
0.056400
0.081184
0.532153
0.181053
0.664949
0.389817
0.544985
1.879680
3.329999
0.063935
1.132820
0.726630
0.800407
0.128300
0.103441
0.238382
1.000344
0.815229
0.321172
0.495094
0.845340
1.414825
2.404293
0.316723
1.273515
0.847562
0.720072
0.815247
0.288710
0.208820
0.603402
0.320390
0.274746
0.389411
1.353067
0.270532
3.312749
0.492197
0.700486
0.552620
0.165920
0.533032
0.718263
0.260347
0.398728
2.170179
0.296396
1.706287
2.184609
1.533166
0.342102
0.537565
0.907689
0.643362
0.415382
1.231437
0.200394
7.185991
1.995943
0.060292
0.066811
1.671475
1.127937
0.382961
0.358172
2.310986
0.124496
2.130953
4.570890
0.519792
0.876025
0.338446
3.605076
2.403912
0.745408
0.769387
0.368761
0.614716
0.416887
0.213335
0.323747
1.779278
1.283215
1.014723
0.736607
0.431505
1.344065
0.607009
1.115976
1.234494
2.290808
0.477864
0.721239
1.322614
0.836913
0.615772
0.759085
0.463073
0.157356
3.211188
0.260308
1.909325
0.420491
1.424988
0.870587
3.118318
1.449965
0.931203
0.207958
1.728694
0.939201
0.590287
1.608904
0.001959
1.144550
0.834870
0.476514
0.920097
1.705156
3.723826
0.824164
0.552987
1.657485
0.269374
2.923897
0.252306
2.035632
0.097201
1.434494
0.911789
0.039859
0.497961
0.381456
0.152496
0.112544
0.345662
0.300998
0.245881
0.183635
2.692095
0.464297
0.363583
0.354463
0.058310
0.305508
0.104984
0.996226
0.269254
0.004678
0.347159
0.134152
0.723682
0.165654
0.504190
0.476567
1.598407
0.448094
0.854657
0.312035
1.837546
0.921431
0.089115
0.533884
0.253343
1.064247
0.029203
0.973674
0.736357
0.648342
1.170659
1.499433
0.401571
0.005803
0.187935
0.132882
1.348611
0.330538
0.999342
1.633179
1.335365
3.456721
1.039232
1.668172
0.965565
2.841364
2.247917
1.831244
0.368865
0.073849
3.744005
1.936445
0.065826
0.274535
0.787620
1.866173
0.798781
0.181609
1.612147
0.750483
0.163247
1.987474
1.210423
0.762983
0.596706
1.204460
0.900181
0.212396
0.407575
0.321133
0.454066
0.583366
0.870229
0.913507
0.386857
0.163670
1.002932
0.597427
0.409366
1.935544
0.175119
0.119803
1.174990
0.185634
0.650984
0.915969
3.051989
0.272407
0.229763
0.280969
0.438657
1.492031
0.237079
2.796587
2.046455
1.659896
1.048167
0.896828
0.197785
0.130363
0.158485
2.432867
0.901347
0.065504
1.633340
0.069397
0.505611
0.526950
0.268267
0.079551
0.019355
0.163152
0.742353
0.465366
0.616495
0.128657
3.179484
0.793823
0.907576
0.023759
1.990331
0.903169
0.112949
1.307795
0.038954
0.859712
1.350956
2.446189
1.558115
0.172573
2.166528
3.891743
0.074129
0.296505
3.231810
0.052944
0.654057
3.718217
0.813765
0.950031
2.310797
1.023906
0.138558
0.955503
0.800422
1.498409
0.622907
0.194368
0.111873
0.692951
0.120305
0.740437
0.393995
0.208725
0.305674
0.177820
0.022588
0.054717
0.639050
3.615882
1.477337
2.095772
0.414864
0.532123
0.552345
1.842451
0.976681
0.331959
1.519571
0.693759
0.048062
0.423365
0.054450
0.848319
0.906920
0.786328
0.315635
5.040468
1.033417
0.150992
1.824118
0.328456
1.119567
1.093756
0.732862
0.258871
2.325568
0.655590
0.339465
0.633201
0.433378
1.657147
0.037094
0.398545
0.482766
0.602760
2.153139
0.552009
0.588367
0.465991
1.401600
2.423688
0.573496
0.588427
0.323051
0.112248
0.360486
1.590725
0.250095
0.133993
0.418348
3.488351
1.117633
0.015655
0.145584
0.464818
0.649829
1.423102
1.579440
0.257900
0.386330
0.213723
0.055236
1.927191
0.562601
0.707464
0.708151
0.249564
0.184628
1.592673
0.061349
0.739256
0.546836
0.084097
0.383048
1.357254
1.118133
0.458162
2.452509
1.147450
0.211705
0.185779
0.436222
0.280914
0.870129
0.310586
0.136623
0.049370
1.397164
1.536482
0.342690
0.672600
2.960677
0.614955
0.632574
3.135519
1.213830
1.439695
0.648031
0.336479
0.078685
1.621737
0.560611
2.848929
1.172074
2.928339
1.360644
1.793126
0.238967
0.326500
0.022007
1.018365
2.639114
0.275301
0.801080
0.362826
1.642662
0.751114
0.032094
1.386154
0.039418
0.135247
0.611137
0.872621
0.823219
3.223913
4.170911
1.812765
1.131256
0.046851
0.764881
0.265373
0.064774
0.917733
1.264438
3.321348
0.066349
1.245276
0.253850
2.844836
0.622593
1.747620
0.457716
0.048888
0.899706
1.001615
1.180097
0.031400
0.032556
1.209598
0.817596
4.579758
1.471863
0.619994
0.249122
2.374689
0.150511
0.348401
0.462623
1.397702
0.072316
0.986622
0.855855
0.117988
0.470797
0.786954
1.114357
0.081143
0.919443
1.259404
0.307550
0.817441
0.695003
1.029786
0.765085
2.186729
0.026738
1.592603
0.636990
4.154413
2.292715
0.855009
0.118600
0.763524
0.891934
0.517100
1.753094
1.101430
0.304658
0.158391
1.962432
1.071241
1.090051
0.006299
2.755277
0.257659
0.877171
0.448105
3.827991
0.196395
1.167978
2.455490
1.193293
0.017655
1.689033
0.056998
0.642931
2.445320
1.690843
0.184875
0.424652
1.341294
0.645123
0.332704
0.588925
0.499930
2.885042
0.101083
0.414996
1.773357
3.133507
0.297631
0.374784
0.127242
0.052536
0.677980
0.479250
1.065076
0.022828
0.104919
0.476679
0.273124
1.358071
0.098832
1.882628
4.716515
0.042700
1.360345
2.178272
2.056828
1.610935
0.342323
0.040049
2.021947
0.776102
3.905954
0.077403
0.454066
2.087606
0.105769
1.402292
0.795096
2.482687
3.010526
0.529753
0.005922
0.220930
0.280274
0.339840
2.257764
0.123755
1.851285
0.958500
0.461425
2.279422
0.354849
0.240711
0.298888
0.324872
1.304065
0.011841
0.755853
1.438253
0.612116
1.666229
2.920179
0.002095
2.693438
1.165124
1.586987
0.810468
1.162067
0.859968
0.629858
0.493453
0.637281
0.723855
0.506163
0.390598
0.308074
1.808809
0.374790
0.442980
2.024170
1.817332
1.714997
0.617365
1.600064
0.575298
0.977693
1.782741
0.826074
1.485928
2.242166
0.714350
2.058851
1.141448
0.944716
0.431291
1.492498
0.607435
0.990479
0.678684
0.142779
0.383567
0.977923
1.895233
1.045336
0.652367
0.367485
1.313652
0.651738
0.284713
1.753564
1.277190
0.124520
2.283525
0.227007
0.360560
0.277857
0.241564
0.529564
1.250115
0.349341
0.898789
0.715675
0.775310
2.124202
0.308774
0.335360
1.408145
1.462457
1.916160
0.915935
2.006800
0.064920
1.432605
0.394110
1.658441
0.004920
0.400228
0.080949
0.412588
0.721707
0.309886
1.270387
0.754137
0.735099
0.249997
0.422088
1.455432
2.520059
0.070066
0.035767
4.199535
1.561124
1.441867
2.075255
0.697536
1.437679
1.056680
2.144781
0.516822
0.191946
0.701625
1.706214
0.219342
5.899105
0.285493
0.394352
3.489656
2.793564
1.932449
2.035829
0.255452
1.977407
2.162707
1.896424
0.100477
0.017496
0.739274
1.563505
0.720453
0.455956
0.417705
0.998898
0.285656
0.565196
2.645504
3.011870
0.099760
1.303079
0.144547
4.195137
0.022290
2.684607
0.402411
1.782598
1.877679
0.888706
0.474386
0.258969
0.600086
1.038640
0.242565
0.317195
0.003607
0.464593
0.129401
1.426738
0.129999
0.056716
3.880215
1.010935
2.536145
4.002238
1.949416
1.802156
0.686449
0.913947
1.103712
1.297329
0.687220
0.839175
0.738468
0.106998
1.417037
0.016355
0.689622
0.507603
0.666795
0.730836
0.634883
0.210759
0.027988
0.049420
0.573462
0.390614
0.674391
0.097002
0.456449
0.864957
0.884068
1.050830
3.136382
1.911039
0.892933
0.195910
1.044558
1.262470
1.892096
1.228558
0.447620
0.837143
0.138857
1.620555
0.289568
3.231471
0.295570
0.385565
0.352767
0.817565
0.701757
0.180065
1.221538
0.752378
0.110113
0.931595
0.958345
0.549774
1.254519
1.419930
1.546962
1.094129
0.891415
0.155092
0.621340
1.329021
2.616551
0.656477
0.889040
0.487825
1.779087
0.331663
2.233720
0.081597
1.230067
1.269640
0.502530
0.059196
0.135885
1.782097
0.249809
3.364436
0.931048
0.299842
0.447668
1.122894
3.256743
3.064035
0.065036
1.883318
1.470399
2.145595
0.043527
4.064522
0.038881
0.400932
1.105322
2.826242
0.055128
1.437498
0.260448
1.915048
0.710484
1.635282
4.959991
6.055253
0.169916
1.505343
1.762276
1.437162
0.496585
0.825989
1.080893
0.761038
2.453176
1.145044
1.848292
0.052570
5.303071
0.955708
0.003527
0.859197
1.707239
1.180017
1.617029
1.859207
0.336194
1.920369
2.436074
0.219872
0.022123
0.136164
0.787726
0.117910
1.661592
0.669439
0.063433
1.283545
0.618276
3.314231
0.191353
0.247129
1.612883
0.003953
1.005201
0.779786
1.904954
3.360244
1.571758
0.045479
0.217528
0.078609
1.401383
1.500968
1.371008
0.831925
0.230034
0.583976
1.629485
0.163697
0.435477
0.739203
0.313701
1.448130
1.106335
2.512005
0.092462
1.065699
0.131510
0.573060
0.602976
1.135723
0.386024
0.400625
0.852765
0.378274
1.296320
0.023789
0.226962
1.325537
0.170984
0.360224
0.281593
1.384505
0.827640
0.873796
1.732995
0.205761
0.142325
2.437021
2.918697
0.904481
0.005229
1.628232
0.638715
0.420472
0.266926
0.491881
1.411960
0.494086
0.256988
1.785988
0.676490
1.632579
1.437378
0.116266
0.117411
3.362729
0.010717
1.013526
1.065970
0.700888
1.038155
1.915226
1.982339
0.081710
0.446115
0.595532
0.606443
1.979298
3.830463
1.393774
0.084675
0.417757
0.838271
0.735444
0.406668
1.604646
0.462596
1.529458
0.365687
2.157446
2.781768
0.101846
0.567681
0.731130
0.110025
0.765322
0.503591
1.048071
1.012725
1.309746
3.286422
0.419292
0.289232
0.345926
3.568648
0.576163
0.751076
1.718077
2.030393
1.511428
1.059860
0.011747
0.309327
2.719920
0.259961
0.051170
0.279556
0.093979
1.850740
0.286106
0.152237
0.991635
1.637293
0.604656
2.507230
4.017791
0.447953
1.485071
0.259300
0.253590
0.347107
2.859581
0.762489
1.902643
0.067551
0.384744
0.005087
0.945483
1.195249
0.155885
0.240295
1.067697
2.250126
1.097032
1.347484
2.162616
0.297773
1.188164
0.198743
3.051335
0.694737
0.961998
5.110473
0.766846
0.086913
1.405745
0.109863
0.329787
2.290726
0.745360
5.049295
0.236296
0.294479
0.210420
3.684214
0.308490
0.503138
0.050839
1.457691
0.879075
0.079085
1.782812
0.607830
3.120715
4.757949
2.677468
3.072114
2.796571
1.333748
2.522255
0.717819
0.705231
1.080111
0.886316
1.227775
0.131213
0.626398
0.395907
2.713117
0.006890
0.312494
1.514772
3.612841
2.520024
0.046849
0.679670
1.230310
0.364973
1.265508
0.642952
0.284631
1.027191
0.056035
2.392924
0.357693
0.707647
1.150296
0.146560
0.140893
0.207353
1.633405
3.763985
0.959124
0.152065
1.795083
2.270553
3.145264
2.277607
2.008888
0.204794
0.539792
1.102934
1.558901
0.235539
1.010032
0.573564
0.254407
1.402355
0.943386
3.243653
1.401428
0.706121
1.417082
0.789432
0.428049
1.278045
0.283201
3.637113
0.299925
1.253522
0.709154
1.641770
2.552619
0.768071
0.901094
0.199053
1.711855
0.159813
0.559493
0.032012
0.472783
0.534034
0.613120
0.078189
0.389855
1.396786
0.997772
1.655589
0.113653
1.641661
0.091678
1.312864
0.382877
1.465932
3.368578
0.335160
0.535329
1.069000
1.584683
0.417646
0.221280
0.219969
0.483578
0.613140
0.953827
0.004420
0.489377
0.751863
0.366727
0.510439
0.134525
0.144290
0.405476
0.495203
0.856817
0.394808
1.453241
1.006544
0.004843
0.036463
1.420075
0.710900
0.138944
1.609754
0.879179
0.545849
1.011415
1.900638
0.381346
3.565205
1.281302
0.336007
0.184527
0.997928
1.711464
0.647639
1.494394
2.841338
0.755439
1.098667
0.618885
0.874037
0.217238
0.347352
1.174333
0.006655
2.620337
0.090129
2.706118
0.516254
0.641325
0.543544
0.573268
3.581292
0.874988
0.451449
1.865540
5.677260
0.691129
1.307650
0.996912
0.707788
0.981219
0.830897
0.871160
0.070959
2.405196
0.124283
0.507060
0.976962
0.205154
1.988514
0.149199
0.855768
3.997587
0.060487
0.103453
0.539580
0.188551
0.556394
0.811391
3.253655
1.312168
0.794672
0.934581
3.098322
0.491001
0.744630
2.778906
0.159944
1.421181
0.031216
0.885684
2.028435
0.662895
0.146380
1.555574
0.028365
0.329341
1.707843
0.034521
0.651861
5.206377
0.265342
0.937714
1.981044
1.146205
0.282974
0.882452
1.721168
0.212082
0.958595
0.234795
1.064141
1.555057
0.480050
1.930725
1.628360
1.161061
0.331243
0.782804
0.784060
0.925311
0.605843
1.239998
0.130674
0.649338
0.347003
1.051683
0.850901
1.112065
3.966121
0.884930
0.057306
0.173061
0.676503
0.408347
0.003603
0.381726
0.288109
0.360895
0.775760
1.011828
0.470052
3.347978
2.459782
1.547891
0.113120
3.625952
2.070777
1.574943
1.894990
0.048865
2.002821
0.542339
0.161978
0.495382
0.947412
0.049398
1.286597
2.642442
0.569274
2.480232
0.095926
1.541208
2.033050
0.740863
0.059071
1.402814
0.274900
3.537842
3.759876
1.147094
1.255163
1.076888
0.973618
0.121616
0.481613
2.035333
0.697585
0.120559
1.460375
1.088862
0.105239
0.656060
0.710649
0.236697
0.822159
1.249817
0.688922
0.017564
1.560058
0.210008
2.253225
0.695607
0.450888
3.291936
4.309859
0.038869
0.734792
1.041409
4.526480
0.116130
0.130846
1.665023
2.016460
0.104069
1.421599
1.914372
0.074214
0.325583
0.329484
0.651983
1.567474
2.766606
1.095027
0.687956
2.412214
1.854779
0.067322
0.398467
0.039280
0.139903
0.805595
2.122578
0.208062
2.250903
0.727203
1.983183
0.350043
0.772511
0.176800
1.728679
1.119278
0.557432
2.306607
2.001479
0.097423
0.113365
0.007231
1.405408
1.852927
0.066209
0.419591
1.509651
0.180443
0.269065
1.184905
1.439057
1.068109
0.635691
0.828302
0.151290
1.030960
0.468410
1.933638
1.072791
0.373871
0.481333
0.929009
0.673659
0.762286
0.930093
0.994357
0.095877
2.273123
1.225630
1.268025
1.719466
0.547648
1.091533
0.897964
0.574173
0.401849
0.271471
0.816917
0.169370
0.226752
0.129822
0.108789
1.033895
0.027609
0.158797
0.544592
1.181737
0.204288
0.116071
0.842180
0.073366
0.042488
1.314597
0.501981
0.745027
1.231835
0.993655
1.826684
0.205474
0.797477
4.318566
2.885818
0.283285
1.030845
0.374914
0.306514
0.365745
0.780909
2.328485
1.221295
2.491793
3.356827
0.946147
0.765470
0.531501
1.125657
0.822457
0.221539
0.170638
1.865410
0.002244
1.961590
2.056663
2.313125
0.106988
2.335226
0.041865
2.184510
0.427944
1.251230
0.586329
0.381264
0.723605
0.285869
1.854403
1.221284
4.095731
0.369994
0.868121
1.422721
3.365076
0.061742
1.457851
0.620416
1.889755
0.087691
0.543026
1.263209
0.320966
0.235656
0.092448
0.246943
0.217832
2.423308
0.244027
4.668028
0.535207
1.384116
0.305208
0.903776
1.986898
0.315175
0.662937
1.073059
1.708896
0.081055
0.539501
0.436319
1.441259
0.028050
0.265850
0.784202
2.477006
1.898853
0.285557
0.538235
0.336194
2.048779
0.621123
1.768840
0.165293
0.237319
1.442036
0.051940
0.036990
1.509068
2.018709
0.799788
2.747273
1.229465
0.554160
0.057687
0.497662
0.567828
1.468513
2.443395
0.281260
1.263814
0.354211
0.050794
2.560908
1.611096
0.838686
1.036638
1.438615
0.134546
0.715129
0.073827
1.270542
1.685640
0.462307
1.747096
3.268539
1.545661
0.379505
1.298646
3.145162
1.225657
1.008107
2.460300
0.172905
1.455889
0.211010
0.623194
2.318304
0.238484
0.750808
0.256440
1.076444
0.289506
0.435785
0.282560
4.643549
0.834160
1.670312
0.233399
0.257954
0.593744
0.468938
1.059852
0.733697
1.731929
1.770768
1.449121
1.854933
3.495035
1.009041
0.318248
1.721613
2.704486
0.198960
0.517712
2.968893
0.438150
1.265231
0.705246
0.048139
0.311224
0.753643
0.039023
0.534622
2.347853
0.574399
1.197663
0.433409
1.161055
0.416049
0.652133
0.422921
0.732330
0.553772
2.429614
2.813301
2.448964
0.583661
0.925197
0.541308
0.020070
0.798869
0.082004
2.115455
0.265946
0.170677
0.204965
0.090214
1.117148
0.415919
0.738011
3.627573
3.731630
0.149978
0.564937
0.151581
4.269928
1.012757
0.145002
0.746786
1.609463
1.594593
1.461303
0.014985
0.761739
0.260842
2.141064
4.020974
1.348116
0.431287
1.328918
0.286295
1.996612
0.448503
0.099856
0.206039
0.285781
1.725592
0.238111
0.214871
0.282777
0.205610
0.992252
0.142285
0.085029
0.839285
0.857216
0.843871
1.006338
0.916873
2.560343
0.012276
0.107037
0.104484
0.154102
0.727390
1.275509
0.155823
0.091057
0.898529
0.009253
0.018639
0.310740
0.618178
2.857778
2.304614
1.461907
3.985935
0.058963
0.032737
0.645451
0.631035
0.196035
2.583028
0.699752
0.105893
1.212214
0.279830
0.298593
0.709569
0.723144
0.249891
1.600712
0.395304
3.500023
1.693666
0.868902
0.394830
0.270238
0.162762
1.199099
1.572788
0.094566
0.268645
0.598778
1.257866
1.689901
0.692133
0.009851
0.468869
0.036983
0.060990
1.769259
3.969866
0.519870
0.070771
3.913099
0.041060
1.951753
0.022642
0.258247
0.365116
2.718924
0.990589
0.958375
0.171663
0.079129
0.377464
2.015973
0.837418
0.242140
1.252443
0.022141
1.254470
0.259338
0.709779
0.335279
1.428262
0.047757
0.029008
1.780989
0.109060
0.684529
0.030838
2.265616
0.768814
0.957929
0.092423
1.310556
1.893893
0.001396
0.467951
1.448506
0.703229
0.245647
0.429929
0.698044
0.341797
0.429708
0.113000
0.596753
0.014442
0.139537
4.362863
1.562159
1.809846
0.504843
1.032150
0.869385
0.684624
1.375415
1.124225
2.523595
0.128053
1.046894
0.943972
0.028842
0.280224
2.378550
0.587767
0.064047
0.864551
1.151999
0.434839
1.847929
0.608330
2.142292
0.040676
0.419562
0.716882
0.681628
1.092908
0.405825
0.196392
2.026363
0.674483
0.861889
3.035458
0.274252
0.644080
0.099146
0.404085
0.196691
3.336962
0.253157
0.401371
0.194773
0.065353
0.185028
0.608244
0.554832
1.279620
1.490010
0.064648
0.457816
0.306366
1.336512
0.166288
0.361674
0.553489
0.233927
0.381216
0.394101
0.053133
1.263027
1.715548
0.424920
0.296142
1.670298
2.166141
0.795857
0.559930
1.148937
0.754119
0.054659
4.708426
0.834564
1.584227
1.372471
1.743654
0.215909
2.780415
0.131069
0.815517
0.888050
0.368129
2.054464
1.798930
2.342159
0.791911
0.599955
0.432207
0.049314
2.999631
3.167350
1.356233
2.027182
0.139070
2.182816
1.822179
0.562340
1.399185
0.135600
1.777273
0.412420
0.839889
0.225815
0.774695
0.748210
0.207333
0.569014
3.243926
0.833093
0.353501
0.987096
0.420583
1.457332
0.267561
2.988613
1.109947
2.459172
1.092327
0.620796
0.686692
0.234060
2.374036
0.142826
0.524884
0.622415
0.574534
0.922993
1.251424
0.050049
0.414931
0.235722
0.970795
0.965211
2.518205
3.313580
1.009024
0.933878
0.421881
0.344738
0.808189
0.514394
2.101716
0.038349
0.948370
2.838494
0.518293
3.170073
0.163936
0.675168
0.150052
1.465966
0.520620
0.256293
1.302462
0.521201
0.558365
0.508868
0.835205
0.066149
0.737811
0.647755
2.517782
0.533904
1.121101
1.712737
2.307705
1.264781
0.460716
0.685101
0.650438
2.579047
2.539503
0.545116
2.558265
0.397503
0.686401
0.001062
1.217995
0.424296
1.692749
1.073520
0.065086
0.478760
1.245480
0.137149
0.790952
0.134362
0.663220
2.192422
1.690190
2.440793
0.385329
0.560466
0.471224
0.145024
0.863408
1.271732
0.286720
0.627243
1.461718
1.635771
0.660290
0.749694
0.934385
0.351279
0.431006
1.182342
0.430785
1.446790
0.112825
1.021371
0.046611
0.706898
0.024595
0.385904
0.319043
1.833923
0.708497
0.447251
0.268183
0.294645
0.192386
1.498741
0.726253
0.474494
0.070309
1.041529
2.929554
0.115907
0.172258
2.186165
0.379490
0.837243
0.943023
0.026108
0.153998
0.659080
0.880551
0.849056
0.278945
0.417765
1.642997
1.238466
0.071215
0.476946
0.233946
0.293057
0.227399
0.300950
0.447425
1.424655
0.189256
0.317543
0.095767
0.730703
0.104250
0.861667
0.313961
2.483016
0.433634
0.272248
1.896568
0.373041
0.763830
1.172705
0.562718
1.704043
4.126125
0.505003
0.394563
0.253393
0.996052
0.451408
1.198577
1.402842
0.901292
5.553450
1.328826
1.744236
0.362149
1.370559
0.035884
3.569051
0.521541
1.273052
0.908928
0.436632
1.887177
2.025410
0.771226
1.772555
1.005150
1.777163
0.867327
0.142529
0.179462
0.004511
0.805368
0.292063
1.272353
0.782245
0.466992
0.976316
0.126773
2.265294
0.266435
0.200983
0.080612
0.181287
3.055037
0.203389
0.054235
0.261517
0.217138
0.534171
1.213771
2.008593
1.141508
2.534441
0.405553
2.463020
0.797868
0.517244
2.242748
1.393669
0.058972
1.633252
0.572475
0.207423
0.863328
2.124263
2.257075
0.394328
2.542430
2.295163
1.577560
1.287465
2.169176
0.096353
0.870534
0.564398
0.090418
0.541820
0.151588
0.566471
0.684261
2.047428
3.756678
1.952479
1.398071
3.154951
0.186682
1.621874
0.802344
3.760782
0.735465
0.785250
0.601909
0.999537
2.242120
0.848891
0.117693
4.157167
0.058483
0.093604
0.276290
0.543863
0.707740
2.870484
0.058638
0.182505
0.237162
1.321397
0.934935
0.218786
0.760413
0.872752
0.684576
1.469784
2.558604
0.211528
2.307895
0.055153
0.202953
0.488123
3.040013
1.287416
0.360653
3.208670
0.008836
0.812519
1.095652
2.100090
4.035790
0.635112
0.271564
0.039377
0.308984
1.600943
2.396840
0.082487
2.372605
0.561401
0.603538
0.834304
1.842117
1.022238
0.250290
2.175589
1.306804
1.795475
0.483426
5.640298
1.480667
1.287634
0.353404
0.930523
0.289953
0.504371
0.256857
0.835023
0.210192
0.904359
0.284852
0.804241
0.103577
0.600484
0.209367
0.352905
0.901691
0.344794
0.961956
0.870078
3.127121
0.043170
0.672643
4.869848
0.446069
1.044879
2.103848
1.686165
0.345245
0.901068
0.353710
0.446250
0.133594
0.426777
0.401343
2.884636
0.498182
0.017414
0.860052
1.280904
1.636106
0.080609
0.726677
1.170074
1.134528
0.052805
2.003496
0.080987
0.991392
0.758694
0.229106
1.264416
0.490557
1.272103
0.816171
3.722616
0.601507
0.134116
2.359346
1.420542
0.309439
1.896727
0.333012
0.041106
1.566381
0.019935
0.949894
0.779412
1.150679
1.806926
2.726650
1.836417
0.274904
2.849641
0.117014
0.422214
0.132302
0.045155
0.473650
0.440980
0.002490
1.017237
1.225619
0.808186
0.307788
0.529594
0.102457
0.522453
0.790230
3.827147
0.443313
0.257722
1.353702
2.469662
0.452651
0.047826
1.004297
0.138241
0.935392
0.527838
0.071826
0.164603
1.383891
0.835540
0.012857
0.826637
0.376627
0.094043
0.238341
0.002457
1.973207
0.853510
0.562541
2.561261
1.477165
1.114047
0.919564
0.553026
1.491018
0.073873
1.052211
1.396894
0.590694
2.409955
0.229003
0.274311
0.153304
1.689560
0.397948
0.436703
0.152953
1.529837
0.059883
0.621304
1.289944
0.290991
3.261584
1.297324
1.442595
1.557465
1.202924
0.532249
0.992880
0.558117
0.468063
0.282557
0.228731
0.135782
0.589217
0.505306
1.189250
0.006435
1.039406
1.791609
0.007633
0.647395
0.135778
1.161436
1.139926
0.673469
0.419906
0.290678
2.220161
0.477060
0.502921
0.009079
1.872846
0.009263
0.709443
1.281019
0.140577
0.288788
0.219841
1.518406
0.027141
0.678096
0.933002
0.462630
0.563605
1.019770
0.584508
0.758275
0.241911
0.994359
1.856954
1.069078
0.511803
1.743421
0.533351
0.130832
0.472334
1.357641
0.330003
3.069187
2.575371
0.123226
2.091783
0.385020
0.439606
1.339468
1.276054
0.099377
0.021152
0.878305
1.451290
0.254484
0.062591
0.372413
1.680180
0.264412
2.318286
0.745874
0.811563
1.106896
4.355476
0.144121
0.037097
0.485081
0.041191
0.490917
0.117823
0.778657
1.271127
0.250785
0.037515
0.999095
2.591186
1.826715
0.137340
0.744981
0.098600
0.205409
0.389088
1.247705
0.316465
0.820525
1.702715
4.273026
0.023331
3.026397
0.596984
0.032027
0.003446
0.029124
0.154791
0.094548
0.466338
0.588823
0.074700
2.085738
0.753375
0.352396
0.150919
0.199262
0.230819
3.101796
1.366926
0.287952
0.156099
0.442056
0.753684
1.332200
0.233308
1.544141
0.941906
0.764745
0.304836
3.961838
0.758838
2.705987
0.336614
0.732460
0.066244
0.557441
1.256603
1.273920
1.142127
1.413372
1.012169
3.320549
1.370786
1.602726
2.297461
0.595295
1.287351
0.691056
0.288015
0.937895
0.204808
0.219608
0.370051
0.447388
0.581162
1.347171
0.921199
1.295211
0.575113
0.892350
1.108232
0.608693
0.618927
0.797573
1.061132
1.577587
0.574707
0.403356
0.547023
1.780197
0.028300
1.902844
0.655998
0.283781
0.016909
0.319256
0.283353
0.958077
1.697898
0.571358
0.249305
1.715839
0.109744
0.083109
0.596112
0.706613
0.025619
0.308159
0.292012
0.370931
1.922617
2.096490
0.960906
0.512923
0.376351
1.281806
0.308842
0.143744
0.579197
0.394206
1.081426
1.040727
0.458620
0.350312
0.980928
0.680558
0.937318
0.017756
1.337047
0.409869
1.603912
0.627919
0.315379
0.109568
0.263545
0.134730
0.848785
0.010803
2.393641
0.063100
2.080136
0.041970
2.410669
0.317938
0.796725
1.112971
0.748527
2.588113
1.848226
1.185082
0.635303
2.780441
1.070281
2.419389
0.197881
0.433907
0.701152
0.023398
0.827929
0.049555
0.564123
4.347663
1.691491
0.205706
0.867039
1.681773
0.145611
0.278911
0.547622
2.780299
0.021178
2.239437
0.978099
1.588048
0.651055
0.622234
0.043865
1.157654
0.360320
0.250144
2.512223
1.194532
3.707915
0.165206
0.088340
0.248587
0.103907
1.751852
1.022316
2.062367
0.175872
0.653345
2.124384
0.341195
0.491862
2.072493
1.529226
0.221488
5.531527
3.504152
4.902505
0.216921
1.145066
1.086232
0.419965
0.083154
0.703906
0.535304
0.001528
1.154401
0.593255
0.528751
0.170825
2.227835
0.329705
2.866637
0.513952
1.609649
1.171025
0.274583
1.225910
0.863869
1.812474
0.101424
0.126700
3.355543
1.930876
2.938193
0.019825
1.393312
0.232680
0.526910
1.626580
0.262927
2.493589
0.692561
3.024424
0.166377
0.034848
0.581902
0.271929
1.712985
0.448071
0.118015
1.272732
0.727895
0.679506
0.087877
2.665092
2.094440
0.482527
0.366332
3.985467
1.312276
0.556140
3.312326
0.208212
1.595717
0.281077
3.848848
0.213843
1.425675
2.351154
0.338897
0.772925
0.406595
0.921253
1.659820
1.667554
1.201127
0.008300
0.166427
0.064864
1.062511
0.013431
0.263954
0.533354
0.726149
0.008216
1.273709
0.188883
2.146370
0.236668
0.427672
0.316526
1.691020
0.163420
0.057097
2.044689
0.215073
0.384009
0.802085
0.012713
0.289681
2.797716
0.942283
1.014770
0.003158
0.514806
0.033698
0.142389
1.131039
0.070716
0.152596
0.402907
0.164241
0.217824
1.366108
2.118601
0.797362
0.043771
0.902911
0.512813
0.296981
0.428555
0.936333
3.524769
2.006532
0.592226
1.100389
0.102694
1.009355
0.013141
0.112121
1.170386
0.045313
0.606687
1.399941
0.364116
0.360151
0.046562
0.495898
2.251338
1.899229
0.259580
0.860878
0.198713
0.750494
1.300896
0.748997
0.167268
0.059749
3.941487
3.306835
0.390157
0.675502
0.408498
0.724122
0.882479
1.660560
0.632029
2.662007
0.905083
0.848489
1.809728
0.089450
0.545761
2.450385
2.298546
0.312845
0.073208
0.952641
0.425561
0.530879
1.428539
1.412329
0.520961
0.199526
1.882692
0.628586
2.366553
0.080115
0.092404
2.569630
0.142476
1.053141
0.373772
1.033231
3.085831
1.604766
1.006011
0.406878
1.158674
1.714104
0.729501
0.487060
0.362607
0.060678
1.271012
0.037312
0.973776
1.519282
1.167475
0.746335
0.869585
1.722044
1.593751
0.307625
1.715286
0.467773
0.614060
1.311153
0.511996
0.408405
0.350433
0.780608
1.282562
2.915407
0.242948
0.149442
0.186472
1.055013
0.728847
0.571351
1.717790
0.300314
0.625795
1.570320
0.583877
0.457834
0.029417
0.926196
0.280611
0.225881
2.532329
0.187739
1.456233
0.826723
0.371749
0.104640
1.471066
0.086024
0.595501
0.345985
0.598425
0.438953
0.422854
0.374049
1.524204
0.972082
0.314232
2.467206
0.726565
0.111321
0.879987
0.197441
0.175665
0.897898
1.160700
1.556875
0.148369
0.596563
4.858424
1.306794
2.723468
0.108874
0.649821
0.257861
0.575858
2.423160
3.404788
2.473653
1.562394
2.688430
0.386211
1.158428
2.973265
3.188141
0.364396
2.809471
1.829659
0.754142
1.136501
1.323808
1.214990
0.068385
2.660121
1.408693
0.311990
0.232771
0.209754
0.178926
2.867053
0.344793
0.294129
0.260055
1.813047
0.281638
0.486236
0.289955
0.033180
2.038344
0.091367
0.362384
2.521598
0.581871
0.576512
0.863464
0.878692
0.975483
0.768908
0.025995
1.868979
2.224870
0.525000
2.542469
0.280672
0.143697
0.494599
0.085523
0.008325
1.778038
0.217944
0.607917
0.144121
4.696823
0.390440
0.539734
2.872766
2.071276
1.010389
1.050497
0.803908
1.399761
1.401303
0.162912
0.311700
0.186824
1.953453
2.130178
1.033114
2.727816
0.732244
0.242964
0.897188
1.711694
0.379265
0.941506
0.841951
0.248537
0.138278
1.009420
1.720801
1.023769
1.027924
1.135735
1.374355
0.509322
0.346284
1.104588
0.888165
0.409804
0.894092
0.715194
2.347566
3.861202
1.201794
0.568795
1.240670
0.713010
1.734391
0.446130
0.272511
1.261732
3.128715
0.182154
0.899046
0.236256
1.162373
0.412210
0.605609
0.147278
1.705344
0.936293
0.922632
0.064870
1.001764
0.196199
0.847278
0.364603
0.087675
1.413590
1.819106
0.497543
1.480585
2.060003
2.408105
1.225996
0.742788
1.905560
0.198678
1.860372
2.879495
0.355327
0.023254
0.639834
1.319491
0.812717
1.700574
0.752455
0.128626
5.215116
0.858270
0.093176
0.366453
0.027593
0.517143
0.069087
1.998704
0.502231
1.423513
3.861986
2.948943
0.351129
0.773349
2.966419
1.617527
0.816129
0.589352
0.960549
0.839654
0.496263
1.154313
0.411303
0.459759
0.254500
2.125776
0.678660
1.001123
0.643050
0.969869
0.460765
1.639153
4.481396
0.432406
2.424215
2.280329
0.273617
3.103537
1.315753
1.764277
1.624384
2.207690
1.006022
0.332679
0.212370
1.610090
1.183228
0.523414
5.346844
0.155089
2.499333
0.450006
0.395964
0.169760
0.861605
0.016619
0.679301
2.155615
0.995157
0.908170
0.724157
0.001447
1.645404
0.919608
0.682177
1.215160
1.742407
0.294751
1.223275
0.449637
0.037901
0.706301
0.408700
0.050039
5.913402
0.678848
0.442305
1.525608
4.111486
0.194328
0.104316
0.437342
0.442792
2.285621
1.339059
0.685610
0.544771
0.565313
1.270172
0.363976
1.980583
0.761556
1.052228
0.479133
0.309401
1.699293
0.176187
0.350651
3.108967
1.273378
0.025377
0.499742
0.640407
0.371195
0.806871
0.133508
0.343128
0.268506
1.537394
0.017645
2.287803
0.126179
0.636921
0.479235
0.069313
0.876181
1.769678
2.488953
0.152996
0.239501
0.959274
1.865537
1.510024
2.554343
1.863876
2.195519
2.025939
0.223839
3.084324
0.550015
0.183050
0.643658
0.409966
0.050936
0.143486
0.561320
0.326728
0.729516
2.742541
0.980608
1.407512
1.972589
1.713064
0.039393
0.822728
0.174363
0.196005
4.191299
0.092788
1.016349
1.009511
0.085495
4.147214
0.035512
0.980983
1.161843
1.016896
0.337570
2.686341
1.803597
2.218322
0.139855
0.359804
3.164785
1.304795
1.933529
0.697097
0.315477
0.743676
0.089369
0.200873
2.537954
3.507630
1.182261
0.541193
2.793986
0.141528
0.601956
1.482071
0.572059
0.921942
0.286463
0.291142
0.582192
0.633491
0.007565
5.534721
0.886300
0.503540
0.398222
2.349646
0.292386
0.211411
2.653484
1.066415
0.764006
1.392979
0.148002
0.195640
1.485687
0.582775
1.781603
0.604341
0.536038
0.691615
0.616698
1.539376
0.317507
0.058080
0.668298
0.262477
0.331031
1.199070
0.767742
1.726102
1.326325
0.238231
0.489495
0.547808
0.844409
0.248057
2.548731
3.085820
0.719374
0.799953
0.242346
0.441352
0.198099
0.886987
0.218883
0.397682
0.876701
0.666130
0.172192
0.069705
0.518263
1.057842
1.720763
1.404178
1.574409
1.063717
0.528185
0.378260
0.570129
0.474446
0.248836
0.495236
0.294262
0.461228
0.126499
1.295290
0.782588
0.766926
0.218689
0.773846
1.920334
0.414157
0.789505
3.134794
0.436708
1.549076
0.148840
0.544546
0.452013
1.221150
0.100644
0.355510
0.653790
0.459372
0.793093
0.012212
0.383308
0.210336
0.591991
1.429962
1.772155
2.611746
0.172037
0.751700
0.255908
0.816040
1.638763
1.192218
0.627463
1.517079
2.516680
0.517184
0.035197
0.651698
2.191815
1.052171
0.229804
1.369172
0.885566
0.412642
0.364696
0.694742
0.035872
1.653319
0.200392
2.366910
0.934110
1.704757
1.173344
0.383563
0.540054
0.499960
2.604715
0.187293
1.718041
2.844020
0.313433
0.882430
1.579962
0.273106
1.118399
0.912024
1.286761
0.627632
0.354815
0.115744
3.746993
0.047335
0.525416
1.796844
0.857553
0.518521
0.157919
2.185178
0.658590
1.782502
1.426644
0.575523
0.254353
0.399085
1.407118
0.716103
1.504050
0.958977
0.283920
0.616052
0.205543
0.518148
2.387828
0.269131
0.537529
2.427379
1.453893
1.056180
0.370479
0.059571
0.436221
0.234637
0.795196
0.248346
0.180806
0.437473
1.943368
1.968731
0.461582
4.040283
0.142726
2.886951
0.633840
0.328756
0.481920
0.154904
0.271766
0.066408
1.582457
0.062707
0.136716
1.222238
0.508412
0.853839
0.072608
0.125130
0.818356
3.327095
2.244467
0.259737
1.842112
0.029117
0.423132
1.449094
1.391216
0.104575
1.367280
0.210021
0.731113
0.463431
4.352722
0.252716
0.410256
1.972409
0.301481
0.461526
1.028452
0.325279
0.107578
0.326221
0.100197
1.162378
1.620814
0.588021
0.236861
2.562163
1.037896
0.719909
0.229338
0.965264
2.414333
2.638967
1.089794
1.377123
4.684627
2.860486
2.011936
0.108638
0.133386
1.645858
0.379666
0.470489
1.081977
1.089734
0.004274
1.975686
1.566656
1.029111
1.927228
0.795380
0.535862
2.552302
0.073159
0.343853
1.354034
1.322991
2.132018
2.106593
0.478874
0.267546
2.199116
0.747697
1.153020
0.182336
0.474888
0.087821
0.112938
0.628984
0.459664
2.728903
0.378957
0.900068
1.389996
1.142123
0.019516
0.751672
2.305454
0.281162
0.950747
0.124526
0.519540
1.082705
0.452556
0.415919
0.505542
0.900210
1.745480
1.061041
0.269397
1.866186
0.032781
1.121294
2.013536
0.029984
0.114074
0.770866
2.323345
0.066691
0.018733
0.377462
0.148878
0.016855
0.058264
0.582097
0.176593
0.602650
0.396928
2.040169
4.069702
0.601706
0.090635
0.450080
0.358252
0.090554
0.802767
0.380681
0.611147
1.856434
1.167957
1.346603
0.598905
1.028884
0.707114
0.315946
1.329314
0.843877
1.690919
0.760280
2.455171
0.942192
2.891143
0.640547
0.736414
0.605364
1.813006
0.428640
0.423552
0.916479
0.391567
0.120602
0.934947
2.768829
0.400514
0.584744
0.598137
0.223447
0.489637
1.652424
1.380632
2.542014
0.075259
0.525490
0.958287
0.981473
0.347228
0.061721
0.019455
0.038591
0.373615
1.289293
1.013134
0.327892
0.262123
0.303567
0.601800
0.992669
0.652741
0.144010
0.515420
0.337782
0.005881
1.920965
1.496062
0.873351
1.222059
3.722222
0.021248
0.532217
1.335573
1.255667
0.205773
0.545356
0.066956
0.886473
1.645915
0.981421
0.184703
1.967080
0.562816
1.454995
0.468265
0.118906
0.225139
1.680981
0.151113
1.048046
0.313704
0.476537
0.530653
0.689512
1.013008
0.645182
0.956853
0.525555
0.309514
0.926632
2.344975
0.293380
1.350073
0.865828
0.111640
0.346146
1.381103
0.363714
0.883701
1.583839
2.418294
1.617219
1.007311
0.495001
0.029273
0.220929
0.051923
0.686182
1.140805
0.042822
0.459915
1.135418
2.618581
1.805727
2.644473
0.212689
2.273404
1.028273
1.841060
0.408388
2.463863
0.228774
0.335869
0.801897
1.293515
0.577041
0.683822
1.179273
0.745927
0.045499
1.050404
1.522218
2.141374
0.159703
0.049211
0.509911
0.581161
0.005800
0.154195
1.527563
0.862378
0.360833
0.102939
0.324606
1.251571
0.729502
2.067001
0.184045
0.053656
0.288335
0.569170
0.408428
0.833227
1.650240
0.256101
2.160202
0.741109
0.730496
0.743672
0.744914
1.050750
1.165314
1.493204
0.958631
0.775279
0.888169
0.657973
0.267015
1.347195
3.284332
1.554742
1.931879
0.029319
0.333398
0.318212
0.509633
2.494587
0.863911
1.169867
1.964294
2.490139
2.715408
0.364075
1.294825
1.816314
0.737159
0.217113
0.469398
0.340919
1.746594
0.589548
0.710455
2.104654
0.140326
0.512470
0.180368
0.809634
0.274665
0.624686
0.760258
0.483108
2.343013
0.997857
0.432623
1.588289
0.661991
1.282666
0.271028
4.141825
1.775748
0.144209
0.178335
2.297535
0.989266
1.194226
0.374599
3.173274
1.699817
0.047287
2.499576
0.868196
0.583193
1.736557
0.350491
0.540759
1.315779
2.126851
1.682002
0.414718
0.504305
0.443623
0.843439
1.987280
1.100370
1.013023
0.618323
0.252936
0.415613
0.122672
0.510124
0.347591
1.524790
1.438622
0.241294
0.252235
0.884226
0.567857
0.425410
0.197729
0.119701
2.157648
1.263433
1.812987
0.479394
0.466465
0.536536
2.333979
1.013911
1.151268
0.261575
0.169804
0.025533
1.399042
0.108694
0.244089
0.844983
0.392215
0.427064
0.111278
3.096980
0.528536
0.148965
0.225517
0.256404
3.344185
0.004422
0.501204
1.826113
1.071514
0.358644
1.670441
3.996914
4.408964
0.321181
0.157671
0.645987
0.458638
0.172545
0.216607
0.189449
4.229914
0.236337
0.753920
2.213077
0.036379
0.459634
0.856989
0.995500
1.892822
0.205334
0.590756
0.136068
3.096234
0.636373
0.048008
0.730995
1.119670
0.491273
0.072722
1.336681
0.030030
0.239829
1.097274
4.718521
0.145818
0.148960
0.654046
0.345504
0.595337
0.521743
0.218600
0.296143
0.380709
1.076864
0.362401
0.378309
0.112338
1.624683
0.157362
1.924738
0.678634
1.411980
4.164960
0.128109
5.101083
0.342764
0.060576
2.607891
1.305915
0.771434
0.204418
2.613468
2.038517
1.480700
1.441209
0.987248
0.162473
0.668456
0.074071
0.237958
0.078515
2.497544
0.281823
0.241617
0.765606
0.165598
1.444837
0.265590
0.863051
1.977927
0.958663
1.069187
0.039481
0.528059
0.715525
0.706159
0.601073
1.892168
0.428455
0.831751
1.161191
0.666271
0.303942
0.108900
1.151766
0.232054
0.184745
1.391435
0.676449
0.462652
0.023985
0.869016
0.750521
1.639082
0.305548
1.429479
1.416574
0.244053
0.047348
0.536078
2.292956
1.048581
0.497514
2.040331
1.233734
3.907079
0.382261
4.242890
0.149785
3.744358
0.580146
3.377804
2.052004
0.052994
0.107460
0.715319
1.388206
0.351388
0.333224
0.306839
0.517106
0.583409
0.178073
0.056919
0.777788
2.236270
0.025191
0.125201
1.538296
0.177347
3.651101
1.567428
3.371426
2.625951
0.744254
1.262761
1.722017
1.428977
2.711390
1.715700
0.339591
0.838278
0.702707
0.757631
0.382567
1.395964
0.371573
1.736388
0.325658
0.894424
3.334633
0.330714
1.287322
2.293632
0.560109
1.335940
2.029203
2.069231
3.627436
0.409889
1.219583
0.190907
2.452642
1.222480
0.412405
1.112332
1.570397
0.327668
0.571373
1.238714
1.099723
0.257844
1.015025
0.779722
0.354907
0.590877
0.748356
2.704650
0.008253
0.524873
0.591566
0.654061
0.475354
1.362398
1.166040
0.062638
0.775484
0.335400
0.388304
0.616624
0.458935
0.102301
2.011719
0.525728
0.536580
0.243408
0.895673
0.267789
1.275951
0.683269
0.025966
0.706686
0.330476
0.362135
0.610404
0.900253
0.518501
2.001259
0.227308
0.986914
1.026693
0.738688
0.233336
0.007208
1.375060
1.538205
0.413610
0.116605
0.123111
0.824358
0.413658
0.133280
0.704057
1.526416
0.564812
0.386603
0.836467
2.781070
0.611517
1.045111
0.471008
0.238978
1.221605
0.591115
0.249574
0.168229
1.627319
0.498656
3.343823
1.446173
1.696742
0.646788
2.030482
0.166195
0.233192
1.418865
5.207627
0.962925
2.071549
0.752521
1.032988
0.856899
1.111947
2.499391
0.546020
0.391503
0.406523
3.505255
1.178761
1.205729
1.960326
0.280312
0.230741
0.867796
3.248263
0.039883
0.689223
0.673603
0.990751
0.732524
0.013336
5.371052
1.382142
0.124921
0.269704
1.524907
0.576193
0.168760
1.108821
0.654488
0.900401
0.698538
0.962207
1.349344
2.760134
0.090103
0.410049
0.452382
0.121170
0.244068
1.450767
0.091299
0.139558
0.390774
2.578169
1.011020
0.472243
0.668645
0.045697
0.251598
0.276420
0.266608
0.438660
0.290332
0.468062
1.053536
0.340329
0.922451
0.550431
0.284032
0.761645
4.378847
1.294720
1.304995
0.186409
0.365880
1.102654
0.048522
0.222379
0.189940
0.380221
1.480615
0.134461
0.245732
0.390526
0.332097
1.615307
1.818061
0.071822
0.700722
0.308705
0.692162
0.931772
5.311107
0.070961
0.243061
3.000512
0.585400
0.008831
1.059367
0.780093
2.043081
2.498481
1.876459
0.253607
1.349120
0.673184
0.476244
1.970147
1.628388
0.272558
0.470542
0.676253
1.894278
1.714031
3.623193
0.002723
2.215775
0.501455
0.927142
0.330630
0.482304
1.363774
1.486994
0.169502
0.983187
0.005940
2.859164
0.221017
1.953008
0.318804
1.604234
2.327472
1.076512
1.066609
0.403522
2.175249
0.471607
0.071462
0.233938
2.374138
0.281587
4.296536
0.507479
0.144068
1.874839
2.664732
0.484968
2.719237
0.946247
2.223385
0.155343
0.016954
1.575021
0.550226
0.603495
1.173986
0.883496
0.608508
0.421183
1.302668
0.377275
2.243910
0.536925
0.574525
2.724982
1.109424
2.313879
0.813173
1.120735
0.484737
0.180950
2.488577
1.584334
4.231892
0.119923
0.886604
0.195075
0.763415
0.622240
0.935839
0.797403
2.718747
0.585392
1.759145
2.325948
2.047261
1.487617
0.026541
1.093298
1.601140
0.723185
1.759003
0.929813
0.823970
1.519944
1.718822
0.236944
2.454934
0.766463
0.291214
0.173846
0.957957
1.174755
1.242671
1.185413
0.108332
0.248896
1.055903
0.446938
0.318307
0.482460
1.439766
2.258800
0.268914
0.971155
0.778686
4.121110
0.744817
0.252653
0.003895
0.175291
0.897338
0.974831
0.895496
4.326643
0.512261
0.967965
0.183053
0.687463
0.377079
0.799840
0.903354
0.793631
0.844130
0.877681
0.143513
0.123631
0.033537
0.492948
0.165213
1.076949
1.645609
0.018652
0.011833
2.195579
0.624517
1.587526
0.318437
1.950662
0.706374
1.068693
0.345168
0.088539
1.107583
0.598555
0.320539
0.684429
1.398687
0.941305
0.884438
0.272867
1.089932
1.087200
1.876785
1.280008
1.367027
1.982457
0.228255
1.671115
3.683139
0.324760
1.253647
0.173246
0.822638
0.497789
1.624042
2.389363
0.530650
0.261455
0.238701
2.904226
1.303746
0.812223
3.229186
0.471754
0.468134
2.724800
2.895874
1.175453
2.330246
1.451040
1.426518
0.555730
1.880448
0.749831
0.157091
3.009119
1.130888
0.023115
1.027359
0.835121
0.324183
0.041896
2.382027
0.423109
0.547351
0.279935
2.673319
0.179791
2.696205
0.938961
1.329033
0.238702
0.765646
0.166108
1.745266
0.215751
0.805094
0.861910
2.326192
1.502242
0.590696
0.502670
2.418829
1.258408
0.851008
0.032636
0.273930
0.744425
0.755124
0.037465
3.212984
0.216914
0.663995
1.000531
0.542736
1.121522
0.738002
0.018437
0.727812
0.022535
3.518225
0.765136
0.618927
0.132719
0.364309
0.761147
0.697239
1.623145
0.111728
0.179647
1.810535
3.040379
0.915355
0.514209
1.421518
0.672267
1.175745
0.925166
1.017959
1.564709
0.220413
2.663626
0.857191
0.220706
0.244719
1.803284
1.976056
0.642029
0.241811
0.128163
0.904872
1.324456
1.304679
1.306837
1.652411
0.799872
0.555671
1.312998
1.771954
2.218658
0.033399
0.911942
0.026481
0.586975
0.695173
0.380558
2.414082
0.875591
1.343450
0.785433
0.118923
3.803510
0.784853
2.975590
0.534611
2.050158
3.005237
2.244134
1.012879
2.054077
1.026003
1.533366
0.056449
3.318012
2.024058
1.852044
0.997841
1.344899
0.070046
0.164829
0.367854
2.222946
1.440099
1.323582
0.626114
0.054088
3.128711
0.245209
0.867753
0.288649
0.376305
0.558570
2.674323
0.080464
2.036280
1.110790
0.073246
1.778100
0.464686
1.462842
2.057495
2.195047
0.149464
0.258276
0.049124
0.667239
0.168411
0.447520
1.124910
1.522416
1.442686
2.378763
0.352016
1.031422
0.179154
0.204567
1.258656
0.331361
1.438639
0.470170
0.288290
2.750307
0.642929
0.729483
0.234672
2.366289
0.112918
0.013508
1.695103
0.385524
1.576512
1.168927
0.411107
0.290382
0.137497
0.254900
0.538498
0.487929
0.537468
1.781415
0.601310
1.086428
0.702443
0.185206
2.563967
0.529952
0.435489
1.837795
1.429755
1.084804
2.635269
1.115248
0.013863
0.263389
1.308143
0.264706
2.067201
1.819931
1.929586
0.447152
0.231991
0.803534
0.303673
1.846345
1.235641
0.189410
0.899145
0.517422
0.870447
0.067155
0.114162
0.822581
0.142469
0.353141
0.286861
0.590899
0.125602
0.696810
0.807078
0.524818
0.043155
0.615860
0.132456
3.690275
0.498819
3.284058
0.366526
4.013554
0.635357
0.207005
0.433731
0.543893
0.466064
0.075824
0.064890
2.626302
0.356625
0.127148
3.638272
0.497603
1.096208
0.321463
0.187222
0.695388
0.464050
0.064703
0.019368
0.385664
0.341692
0.073367
0.794496
0.819280
0.022614
0.349322
0.705879
0.099162
0.302014
0.748252
1.896951
0.243113
0.105591
0.684819
0.501022
0.474196
1.040688
0.322106
0.325074
1.584124
0.199410
0.529302
0.485168
3.802945
1.141180
0.543022
0.312660
0.368181
0.249151
0.009257
1.729346
2.659198
0.187999
0.848050
0.779091
0.078056
0.223531
3.214221
5.240944
0.584842
0.358461
1.654004
1.394105
0.230781
0.497391
0.588703
2.223296
1.278304
2.045065
0.068949
1.634942
0.052564
0.392232
0.255391
1.305079
0.152402
0.042613
0.010632
4.452283
1.901359
0.695254
2.800850
0.083969
0.840637
0.833596
0.001212
4.454714
2.057533
0.187476
1.036043
1.236056
0.601440
1.114577
0.293748
0.063618
2.197832
0.294558
1.721805
0.486893
0.712256
0.463604
0.108495
1.372374
0.523079
1.478629
0.799110
0.466833
0.457776
0.083262
0.517006
1.198337
4.386683
0.685107
0.416363
0.570997
0.181531
0.091054
2.237210
0.258217
0.146381
0.071403
1.800493
0.070458
0.306779
0.453998
1.046182
1.646977
0.538911
1.412139
0.748369
1.506542
0.236043
0.869871
0.467698
0.102342
0.297252
0.186312
0.807847
0.165481
0.708769
1.365596
1.133072
0.541528
0.180412
1.753028
3.265829
1.034932
0.514349
0.305952
2.205815
1.819199
3.923886
0.793676
0.337740
3.488666
2.119338
0.220496
0.279123
0.256496
0.097018
0.477910
0.081191
0.867683
4.399183
1.449118
0.254050
0.324189
1.201591
0.299941
0.667042
0.782564
0.354997
1.317891
0.540539
0.675187
0.955686
1.354201
1.721658
0.398964
0.119069
0.186459
4.947250
0.300608
0.305780
0.392194
0.897075
0.227609
0.209158
0.003692
0.831043
0.798329
0.952040
1.455711
2.240393
0.424128
0.148198
0.129489
1.085931
0.300632
0.251873
0.813322
0.192308
2.217476
1.049504
0.233552
0.278668
0.414893
1.002953
0.899224
0.059773
0.081386
0.450624
0.225952
1.534499
0.772279
0.163998
0.639572
0.280224
1.006684
1.184416
2.893332
0.120838
0.735959
2.215797
0.429183
0.570255
0.108341
0.039605
0.144219
0.621684
0.111471
2.985685
2.428486
0.614870
0.005868
0.113203
0.780161
0.371572
0.436933
1.574566
0.100040
0.494966
0.961774
0.988674
2.170413
0.398619
6.505624
1.420682
1.598695
0.771596
0.320905
1.174093
1.925214
1.875531
0.976549
2.325887
0.413369
0.431010
0.941372
1.314439
0.317336
0.108204
1.773033
2.828946
0.585259
0.270511
1.133126
0.485165
0.563197
2.557072
2.624412
0.629225
4.213897
1.034440
1.276370
0.115586
0.264032
0.327622
0.163532
3.292964
0.113536
0.264544
0.037827
0.917194
0.749766
1.362305
1.625820
1.261613
0.298793
0.517803
0.589079
0.845476
0.249710
1.491255
0.701661
0.471305
0.759731
0.637349
0.273793
4.533471
1.870437
0.429089
1.410137
1.552274
0.548763
1.017731
1.603283
3.338790
0.542613
1.158543
1.322169
0.376329
1.496235
0.810222
0.235342
0.013330
0.587685
0.178507
0.228992
1.207113
0.424382
0.013119
0.072497
0.111383
1.464044
0.861736
0.225491
1.049609
1.888696
1.431479
2.856555
1.661782
2.392003
0.604649
7.725065
0.396430
0.451138
0.550534
2.516806
0.272996
1.441975
0.411402
3.496956
1.460430
0.502586
0.865456
0.850468
4.607105
1.140387
1.088344
0.617239
0.093137
1.724844
2.014364
0.882236
1.135005
1.293100
0.391160
0.116914
0.664946
0.248602
0.644309
1.097916
0.548285
0.941903
1.014664
0.903375
0.764945
1.404813
2.997564
0.162277
1.600130
0.679782
2.002507
0.647156
0.969784
1.131286
0.236149
0.229169
3.004821
0.050796
1.287118
1.671562
1.557932
1.657163
0.475417
0.006182
0.284385
2.504410
4.294901
0.546812
1.043773
0.050603
0.247984
0.614275
0.180770
0.848642
4.901302
0.758398
0.340017
1.234553
1.298379
0.655897
0.208756
0.191240
0.567729
1.914840
0.996296
0.718554
0.526341
3.131534
0.161153
0.843966
0.076139
0.460633
0.974108
0.182633
0.625784
2.067440
1.485775
1.270971
0.576421
1.444525
0.812563
1.703190
1.543453
0.312440
0.600016
0.191803
0.414008
1.176808
0.270615
0.878424
0.016129
3.279971
1.725805
0.009679
1.722326
0.529505
0.098237
0.405757
0.665525
1.297969
0.330933
1.175608
0.431321
0.264791
1.100757
0.016198
1.172803
1.899895
0.064422
0.235870
1.401946
2.120567
1.803368
0.107927
2.480111
0.810542
0.320249
1.622327
0.312533
0.530511
0.682442
0.767005
0.339558
0.189538
0.599857
0.665948
4.994342
0.108180
0.572655
2.013543
0.225133
0.080813
0.621424
0.111421
0.270807
0.500638
0.067985
0.114029
2.071836
0.105667
0.321524
0.573739
0.593484
1.555019
4.962442
0.405271
0.593938
2.761246
1.161694
1.456126
0.557551
0.190231
2.954935
0.450117
0.274343
0.388510
0.273151
1.186479
0.333657
0.120966
0.226515
3.391824
0.819938
0.550368
5.257823
0.480620
0.837080
0.165493
3.240137
3.241605
1.580584
0.425369
1.769555
0.140473
3.963369
7.247221
3.296402
2.471154
0.589058
0.785080
3.820140
1.467691
1.755909
0.520212
1.128076
0.576938
0.215864
0.060070
0.528560
2.180443
0.826336
0.077544
0.179430
0.461021
0.351709
0.339057
0.718694
2.151275
1.260713
0.293882
0.348316
0.635350
2.028441
2.618466
0.551787
0.173811
0.911879
0.013154
1.083328
0.774193
1.594993
1.017939
0.927749
0.291554
0.776683
0.367863
0.998407
0.378327
1.851019
1.687905
1.076103
0.217489
0.679620
1.092280
0.206781
0.422643
1.102036
0.666026
0.557678
0.386720
0.181804
0.254121
0.611911
0.446273
0.701495
0.910314
0.163376
2.043725
0.757703
0.821822
0.357556
0.353228
1.020131
0.073448
0.145172
1.735630
0.264899
0.988825
0.984762
2.679282
0.125346
1.567977
0.222167
2.423232
1.977371
1.004379
0.319893
0.575089
0.068578
2.153262
2.932282
1.512186
0.899808
0.092380
0.305917
0.846470
1.395385
1.943860
0.841934
0.182364
1.630690
1.664757
1.877225
1.380765
0.164715
2.099534
1.048761
1.973093
0.403040
1.930853
3.051319
1.077483
0.257518
1.060630
0.184180
1.600508
0.365589
3.130559
0.371386
0.081547
0.919653
0.845969
0.719855
0.440440
1.444698
0.645900
1.422742
1.093497
2.180247
1.131332
1.190140
0.082390
2.720801
0.081646
1.629080
1.159452
1.336802
1.439009
0.433931
1.527933
0.255896
0.518786
0.768445
2.365827
0.215020
0.518771
1.468168
3.363099
0.532973
0.045736
0.738450
0.197524
1.419978
0.727186
1.143353
1.093187
0.164054
2.999647
1.442575
1.738675
4.036846
1.581079
0.264231
0.567950
0.409593
0.518000
0.731570
0.015615
2.108876
1.589102
1.771533
2.798101
0.341511
1.833255
0.016062
0.243902
0.104023
0.340891
0.951097
1.332817
0.995118
0.289218
1.383648
2.249033
0.460728
0.504444
2.906754
0.408406
0.652154
1.648843
3.185411
0.484027
1.024264
0.217377
2.166782
0.889805
0.812138
0.844568
1.071208
1.064727
0.071564
2.237395
0.594254
0.862791
1.095996
4.043252
0.480657
0.996959
2.808325
2.036051
0.115857
0.458876
1.114905
1.920018
0.572862
0.127150
0.660527
0.570018
0.595504
0.628668
1.563732
0.144141
0.640766
2.403909
0.009553
1.803028
0.420896
1.564781
0.592175
0.689779
2.425793
0.122742
0.863050
0.068345
0.286578
0.001582
3.137266
2.103287
1.606674
1.504579
0.726157
0.372496
0.492650
0.254097
0.197075
1.036466
1.201755
0.475451
0.382061
0.785192
1.243678
0.242202
1.327564
0.830571
4.106661
0.110479
0.155055
4.186242
0.567315
0.991841
1.084556
0.006991
2.627463
0.221634
0.239777
0.619218
0.279845
0.658278
0.740484
0.068088
1.438050
3.875243
0.043502
0.897484
0.179867
1.242056
0.490057
0.517700
1.335986
0.346007
0.593564
2.425893
0.670049
0.837277
0.334786
0.433382
0.579562
0.591508
0.742548
2.456979
0.102734
0.776114
1.469449
1.689960
1.323512
0.579321
0.796312
0.940002
1.278184
2.406537
2.350998
0.218522
1.736688
0.154186
1.054467
0.816444
0.292386
1.747660
1.312970
0.633712
0.177790
1.149116
0.542911
0.930798
0.062159
0.198609
0.446310
0.900985
0.579788
0.719142
2.458850
0.002071
2.943771
1.238760
0.354214
0.848906
0.517707
0.634481
0.008169
0.146682
2.524510
0.494144
0.101993
2.090155
0.737635
0.073325
3.517002
0.348111
1.129491
0.391575
0.158339
1.053835
1.360191
0.071665
1.395815
2.731893
1.562741
0.421012
0.750376
0.212979
1.657740
0.360814
0.015367
0.513120
0.269035
0.654614
3.980235
1.187311
1.058842
0.883472
1.054020
1.548992
0.351123
0.072607
1.692051
1.719097
0.503282
3.951114
0.049872
0.792783
0.729763
1.485340
1.907727
0.914456
0.496092
2.234774
0.407374
0.982691
0.602566
0.550350
0.158304
2.615537
0.055138
2.842890
2.405091
0.667388
0.647979
0.292197
1.014157
1.640045
1.030267
1.236138
4.228684
3.670951
0.764824
2.074631
0.016247
0.104078
0.907164
0.083116
2.352847
0.091243
1.505875
1.169454
1.025145
0.327208
0.741785
1.686434
0.045184
0.792447
1.678320
0.673566
3.269866
0.538208
1.289782
0.117476
0.556850
0.829401
0.740590
2.072187
1.399715
0.230372
0.603844
1.711272
0.987610
2.392264
1.315046
5.748140
0.614190
1.362620
0.321960
1.414062
0.006299
0.660631
0.082293
0.468073
0.773864
0.206629
0.186486
0.611774
0.559614
1.791717
2.031191
0.743739
1.777130
0.318093
0.163669
0.297506
0.186596
0.228360
1.154885
0.501607
0.055367
0.015650
0.164644
0.842322
0.151647
1.431855
2.635052
0.135224
0.770957
1.576638
2.689277
0.663015
0.981506
0.524779
0.400764
2.167954
1.623383
0.355615
0.459808
0.449263
1.006402
4.596107
1.794568
0.498673
0.881283
0.103822
0.428978
0.739746
1.066246
0.178891
0.341444
0.825306
3.355373
3.829921
0.459368
2.518357
1.153141
0.117350
3.918531
0.147769
0.094288
0.204859
0.002857
0.265629
0.687495
0.133462
0.372262
0.183888
1.778049
0.479030
1.183977
0.020789
1.378476
4.434070
1.998274
0.806481
0.083407
1.920660
0.016423
2.770668
1.762804
0.869371
0.802155
0.350142
0.746867
1.600656
1.221416
0.249409
1.416337
0.650548
0.796750
1.956825
0.545915
1.818376
0.939420
2.557640
2.364350
2.039242
0.993199
0.802432
1.076745
3.874562
1.779440
2.521987
0.085141
0.756493
0.517136
0.408389
1.012789
0.978073
3.047290
3.058753
0.192959
0.340966
1.031286
0.277893
0.307017
0.079055
0.145470
2.035942
0.178097
2.357801
0.820711
0.786908
0.001489
2.298927
0.132054
0.283997
0.525330
1.069763
0.923238
0.483404
0.544589
1.315397
1.260038
0.628636
1.122845
2.538937
0.330312
0.400755
0.078510
0.140426
1.530596
4.304982
1.055968
0.432583
0.082781
0.470511
3.941100
0.771436
1.078670
0.531622
0.312477
0.085797
0.502024
0.000802
1.667709
1.034963
0.678729
0.543862
1.077702
0.604429
1.770413
2.354031
0.902323
0.275696
2.631564
1.068526
1.519304
1.015242
1.507467
0.402288
0.902250
2.191672
0.307715
0.600776
0.104067
1.436839
0.059077
0.092417
0.219282
0.159672
1.664710
0.010843
1.888675
0.379934
1.335757
3.052681
2.700513
1.043327
2.844760
0.230685
0.052975
0.107903
0.873048
0.790151
1.202034
0.780433
5.269912
0.452563
0.904420
0.696664
1.026757
0.095711
1.136017
0.479766
0.397418
0.418663
0.535669
1.235015
0.228745
0.201168
0.160827
0.382338
1.358763
1.556253
1.004583
1.495578
0.559240
0.934340
3.217206
0.662003
0.576192
0.547689
0.731369
0.906555
0.208785
1.187053
1.996749
1.242549
0.791536
0.570158
1.333562
0.741841
2.293773
1.256519
0.616556
0.538695
1.295874
0.230444
1.024080
3.695014
0.203211
0.037587
1.943752
0.148305
5.133253
0.554351
0.159187
0.045997
0.350560
0.208023
1.107271
0.148676
1.541451
0.330585
0.316194
0.473138
1.577494
0.449844
1.212275
0.474245
0.583958
1.013168
1.798117
0.135929
0.787081
0.076705
2.358567
0.012791
0.978284
0.402086
0.889611
2.122009
0.855017
0.259433
0.802490
0.706585
1.310450
1.673012
0.123224
0.547630
0.476323
1.526279
0.055900
1.134814
1.634098
0.809130
3.556390
2.421428
0.957479
0.245395
2.964220
0.963348
0.374831
2.623246
1.536233
0.576353
0.605546
0.152924
0.690347
1.462601
0.139943
0.760855
0.065422
1.726049
0.762755
1.387781
0.158689
0.264584
1.407160
0.621085
0.561919
0.576672
0.645855
1.378880
4.413319
0.235450
0.059961
1.853754
1.695750
0.092821
0.197621
0.049677
0.485000
0.678751
0.190179
1.254026
0.890722
0.394120
5.290797
0.902118
0.868416
0.304900
0.085894
0.439952
1.156451
0.957258
0.101725
0.294614
0.298073
0.465772
0.424119
0.410427
1.873420
0.847219
1.724719
0.174279
2.212225
1.404457
1.479231
0.959329
1.370067
1.495494
0.692543
0.466413
0.596368
1.987666
0.273605
0.775970
0.089306
0.746260
0.452313
2.778806
0.486208
0.913911
0.436382
1.557172
0.987293
0.228961
2.190354
1.933846
0.251074
2.671291
0.161916
0.287262
2.686505
0.727098
0.566248
2.070198
1.344234
1.946766
0.747658
0.973669
3.010427
0.800593
0.105944
0.023265
0.592034
0.636754
0.011357
0.049501
0.396567
0.259617
0.330369
0.430306
0.262172
2.119846
0.563380
0.028956
0.048301
0.902999
0.863920
0.345993
1.688444
0.205933
1.291239
1.518490
0.009743
0.251873
0.655267
1.042774
3.090749
0.563688
1.907910
2.966728
1.013339
0.772417
1.542844
0.939422
0.496763
1.954159
0.073048
2.894250
1.990217
1.692703
1.527122
1.483945
0.284880
3.151952
0.091268
0.627745
0.138918
0.488150
0.989946
1.196951
0.010385
0.451669
0.116041
0.186113
1.283697
1.031641
0.687149
0.268131
0.119880
0.227121
1.582291
3.341666
4.121469
1.403731
3.430618
0.454135
0.893339
1.055560
0.356858
0.072787
0.355604
0.190190
1.476688
0.020541
0.630569
3.004097
1.504076
1.250141
0.173802
0.425684
0.174546
1.161076
0.908032
2.617081
1.138291
0.201579
1.690589
0.177281
0.311423
0.748540
2.948016
0.121731
1.304155
0.708236
0.584974
0.562752
2.015874
2.275187
1.462190
1.624026
0.681662
3.200932
0.229281
0.953353
1.980695
4.165319
0.615751
2.846516
0.374492
1.053128
1.578295
0.232955
0.040159
0.271227
0.857473
1.035341
0.336375
0.709353
2.276463
0.612640
1.051134
0.473492
0.184279
1.449726
0.846366
0.846855
0.142104
1.463782
0.582141
3.597618
0.192890
0.237595
1.018510
1.751418
0.082323
1.539868
0.330400
0.754833
0.247048
0.851342
0.328435
1.829934
0.678576
0.006854
1.359112
2.406046
0.102265
0.435890
0.009012
0.659753
0.149429
0.907206
0.210928
2.430680
0.164008
0.584686
1.355394
0.297027
0.781578
2.538562
0.061494
0.529550
1.688069
0.642482
0.664853
0.291602
1.121449
0.100444
0.525240
0.263150
1.568955
0.895253
0.385151
0.931617
1.302437
0.365093
0.253194
0.728909
1.366145
1.178859
0.882974
0.157664
0.489798
1.045514
0.649312
0.688637
0.082454
1.923128
0.667918
0.851002
3.168250
1.972748
3.908600
0.263853
0.484496
1.467268
1.428380
4.792817
1.146070
0.028910
1.005192
1.550429
0.961804
0.250912
0.194117
1.017931
2.998848
2.174857
3.013839
0.240249
0.053694
0.506808
0.100243
0.868621
0.588512
0.608587
0.416526
0.386270
0.345342
0.919616
0.081884
0.251003
0.565519
0.703300
1.470264
2.822483
1.763318
2.306670
0.406191
0.999618
0.573941
0.975627
0.827390
0.117300
0.419170
1.489222
1.112946
0.565295
0.759084
0.040003
0.489048
0.330807
0.963911
0.560863
0.710186
1.018860
0.031273
0.248097
0.170617
0.952208
0.850378
1.652050
0.147098
0.287978
0.607482
1.451126
1.890264
1.603789
1.533768
0.526923
0.206187
0.252711
0.661086
0.133777
0.093628
1.923182
0.222214
2.669861
1.029391
0.670474
0.295256
0.499063
1.181397
0.722755
0.150527
0.763369
0.312835
1.628144
0.031336
3.549204
0.108583
2.926165
0.112705
0.382264
0.413032
0.161784
1.202870
0.627048
0.355214
0.271851
0.255823
1.224229
0.216567
0.000290
0.941559
0.164639
1.003240
0.804136
0.103296
0.336460
2.527595
4.047680
0.119376
0.189944
0.357865
0.802524
1.044347
0.502860
0.221429
0.202259
2.108896
0.192272
0.013137
0.959041
0.092178
0.792302
0.536160
1.487125
1.719787
1.311141
1.206186
0.749354
0.140502
0.225496
0.209131
0.415500
0.532027
2.108760
2.319352
0.392612
0.141458
0.359745
0.601779
0.602334
1.045007
1.242481
0.648098
0.608795
0.098038
0.894783
1.594663
3.097673
0.277938
0.606438
1.750802
0.012040
1.036066
0.951970
0.317626
0.645212
0.677040
0.113941
0.785444
0.149558
0.437696
0.053820
0.189770
0.275987
0.257605
1.116291
0.031017
3.613035
0.068074
2.659645
1.394358
0.397072
0.209882
0.514011
1.432281
2.216926
0.814933
0.795311
0.713987
1.819515
1.349355
1.643572
0.593101
0.709465
2.058249
0.511080
0.444469
0.913565
1.150924
2.648869
0.533047
0.368509
0.210996
0.230300
0.199578
0.168969
1.208759
0.426360
0.728917
1.076358
1.189529
1.070083
0.819373
0.943916
1.403690
2.219466
0.605635
1.058026
0.543307
0.058161
0.334939
1.069221
1.400773
1.317842
0.351684
0.019052
0.718822
0.017611
1.149345
0.188766
0.474776
0.416855
0.056264
1.611177
1.601990
0.090207
0.877016
1.723561
1.631098
1.173210
0.955769
0.208088
0.176764
1.640323
5.159064
0.094904
0.479646
2.244903
0.571686
0.091576
0.019869
1.549991
0.410819
0.556088
1.358716
0.620674
0.889388
2.020081
3.120367
0.065053
0.490211
0.677525
1.253144
0.294545
1.406760
0.719023
0.690120
0.094302
0.136988
0.500763
0.583645
1.333193
0.479474
0.044538
0.766122
0.035399
0.153962
0.077049
0.371624
0.030810
0.119638
0.091367
1.993499
0.058187
2.860445
0.462863
1.121948
0.233478
0.180077
0.913422
0.383752
2.005045
0.359307
0.419457
0.725405
0.421829
0.506701
3.108275
0.243818
0.064120
1.031892
0.455391
0.922169
0.994524
0.468021
0.367330
1.331003
0.449096
0.288303
2.242605
0.612856
0.589937
1.069960
1.349519
2.105682
0.452754
0.272925
1.267233
0.964632
0.407626
0.150474
0.752062
2.950671
0.801071
1.372645
0.126479
0.571562
0.943562
0.510267
0.696743
0.527526
0.802967
0.395573
2.147105
0.713151
0.345557
1.105194
1.144027
0.465393
0.655760
0.615750
1.097126
0.222395
0.157381
1.853048
0.358147
0.393210
3.841620
0.200700
0.530829
1.230409
1.133680
1.217387
0.673310
1.357049
0.684897
4.046928
0.649265
0.028181
1.058052
0.293139
0.006295
1.869039
0.721161
2.912559
0.302571
2.266142
4.116283
0.574324
0.818190
0.256532
1.011401
0.310712
2.998142
1.253901
0.628164
0.264991
0.734444
1.130624
1.378943
1.137711
0.149265
0.315652
0.440896
1.426498
0.702728
0.019559
1.953847
0.356282
0.012036
1.825992
0.363450
1.671926
0.817485
2.616195
4.036564
0.894764
1.252691
0.174424
0.688508
1.311017
2.415244
2.897069
0.294768
0.017958
0.575403
0.518752
0.491066
0.578905
1.181991
0.171747
1.427803
0.361904
0.422731
1.049158
1.488506
0.760159
0.910742
1.949474
1.351808
2.326383
1.246237
0.298070
2.646407
0.966471
0.079470
3.389173
0.402099
0.891927
0.198626
2.302890
2.390989
0.128186
0.332204
0.724147
0.015674
2.155595
0.319519
0.864277
0.462417
0.171740
0.478003
1.591253
0.498487
0.179345
0.082022
0.230875
2.069695
1.133069
0.893452
2.956576
2.079606
0.394295
1.637069
3.308766
0.655599
0.559415
0.603859
1.597322
0.186166
1.814956
0.859562
0.043495
0.692709
0.222374
0.130712
1.328658
2.333725
0.880542
0.404601
0.257761
0.584508
0.629941
0.426967
0.014842
1.926469
0.208588
0.155773
0.176503
0.795714
0.065506
0.454218
1.786101
0.459585
0.028898
1.066116
0.409862
1.039794
1.369843
1.640223
1.040937
0.839482
2.419392
0.682727
0.032864
0.039034
0.277326
0.278074
2.062183
0.807564
0.190207
0.070574
1.032871
1.415655
0.905651
3.552220
0.297683
0.355958
1.003021
4.643999
0.137154
0.073590
4.663363
0.504193
1.535127
0.749661
0.482275
0.352024
1.465603
2.038116
1.399204
0.366091
2.675155
0.028436
0.887636
0.516035
0.405297
0.692726
0.011507
0.080791
0.752427
0.119264
1.059737
0.979571
1.182958
0.274326
4.880235
1.401623
0.347250
0.903226
1.690439
0.970649
3.300860
1.189388
2.462137
0.261081
0.022631
0.286773
0.677652
0.005927
0.452605
2.423221
1.260645
0.049814
1.304865
0.406740
1.945190
0.523279
0.266703
0.721713
1.749890
1.779272
0.134788
2.833130
0.177872
3.533968
1.961253
0.553285
1.636773
0.081291
1.828301
1.659620
0.419507
0.425118
0.756752
1.767077
0.183923
0.068832
0.546145
0.117307
0.276374
0.780596
0.291448
1.952326
0.535268
1.467373
0.130062
1.731061
0.603900
1.055893
2.616291
0.384419
0.815949
3.503810
0.740363
0.277285
0.101383
0.938348
0.401634
0.001438
0.640549
0.605531
0.675940
0.437650
1.737178
1.030232
1.612749
0.681690
2.443621
1.903271
1.035918
1.197141
2.598919
0.473039
0.229034
0.104283
0.096409
0.941712
0.457987
0.645656
2.199594
0.748845
1.153680
1.199087
0.134806
0.179962
1.989680
0.369860
2.253720
0.656194
0.326956
0.723441
3.873643
0.899321
1.283270
0.572696
0.166643
0.227635
0.034829
0.252440
1.901748
0.390553
1.681100
1.043300
0.097413
0.474905
0.503378
0.390596
1.697085
2.141670
0.383990
0.600774
1.240008
0.952616
0.069643
1.282658
0.117986
0.443710
1.543255
2.212633
0.861916
3.941230
0.372386
0.415091
0.425642
0.975999
1.496821
0.485453
0.701943
1.469463
0.486783
0.187237
0.804017
0.004925
1.894482
0.195290
0.105581
1.982995
0.546889
0.782013
0.934155
0.061248
0.274795
0.453652
0.404940
0.921342
0.192482
0.326247
0.835855
2.107610
1.296804
0.459226
0.267520
0.103353
0.786919
0.661478
0.501668
1.556600
0.101442
0.419088
1.283916
1.168780
0.257432
0.332063
0.108434
0.928705
1.304990
0.918655
0.399433
0.400914
0.471918
1.170397
0.999636
0.523791
0.051928
0.296934
1.031129
0.502462
0.756222
0.437218
0.625059
0.346655
1.843349
2.489754
0.480452
0.663664
0.930702
0.188907
0.016554
1.731449
0.045815
0.612122
1.791399
1.899698
1.480010
1.763287
2.820643
0.940810
1.196928
2.620676
1.522205
0.590863
1.450484
0.281483
0.303694
2.478072
0.243207
0.150744
2.943621
0.476916
0.623227
0.566886
2.286161
1.649001
0.217390
0.286658
0.127238
0.409957
0.373851
0.240770
0.271023
0.226690
0.311030
0.198774
0.238409
0.115070
0.826530
0.251821
1.311013
0.373996
1.131637
3.021210
1.225543
1.531752
1.525855
1.973648
0.190435
1.503226
0.248828
1.800630
0.500282
0.032773
0.806525
0.317353
1.471701
0.068917
1.464784
1.181933
0.952436
0.905775
0.305299
0.397450
3.507860
3.069567
0.214537
1.709749
0.191799
0.876116
4.168887
0.121540
0.955592
3.398437
0.611687
0.608545
1.540384
0.808137
0.846733
0.039461
2.200025
0.508588
0.854982
0.231269
3.010143
0.302395
0.138931
3.024400
2.008353
0.372179
0.273722
0.199969
0.113025
0.676473
0.280610
1.079477
0.435147
0.251376
2.744968
0.097178
0.392667
3.608002
0.058192
0.361808
0.059121
1.665783
0.800074
3.762219
0.733039
0.413839
3.790058
1.087060
0.398712
0.076751
0.707096
1.022018
0.406229
4.785782
2.171071
0.365124
1.476800
0.206999
0.778695
0.854059
2.575951
0.812629
1.349069
0.287775
0.438342
0.131151
1.322728
0.770241
1.135097
1.209136
1.685337
0.149764
2.826449
4.181503
5.547535
0.808698
0.030614
1.364530
0.286566
0.144619
0.627124
0.441478
1.494038
0.219479
0.433308
0.560433
2.551867
0.351927
0.100741
0.095668
0.557275
0.031087
0.955353
0.126855
0.548430
0.036973
0.982151
0.647620
0.681783
0.078754
1.121278
0.189465
1.380744
0.028134
1.450291
0.972773
1.048113
0.154677
0.229007
1.060813
0.010201
0.845121
0.632513
1.272043
0.377830
0.283957
1.349302
1.034993
0.104822
0.007192
1.296333
1.182328
2.349077
1.132287
0.713702
0.539327
1.607299
1.130374
0.763121
0.392631
1.708846
0.162777
0.320530
0.474045
0.207027
0.119875
0.620916
0.546825
0.068056
2.150977
1.435748
0.730540
1.036824
1.744213
1.509379
2.276046
0.968438
0.021687
1.081647
2.662169
0.322424
1.017880
0.296698
1.429978
0.305393
0.482642
0.215871
1.479690
0.519878
0.271389
0.658565
0.239701
1.410920
0.164754
2.951429
2.251981
0.202524
4.450616
0.691912
1.224593
3.438435
1.393400
0.365031
0.741633
0.969209
0.561522
1.750098
1.468192
0.139004
0.744579
2.653498
0.468903
0.114963
0.351024
0.629408
0.547361
0.387738
0.465524
0.570624
0.548293
1.158969
5.852486
0.453632
0.300061
1.553744
0.289679
0.840334
0.896171
0.574303
0.649000
0.384275
1.231578
0.152650
0.677020
0.638435
0.612552
0.264418
1.414322
0.188113
0.162723
0.791832
0.323305
0.013775
2.430683
0.425349
1.753792
0.269112
1.086056
0.291233
0.106240
0.823482
1.305055
0.860130
1.084772
1.798228
1.128800
1.292349
0.450527
2.415447
0.222734
1.353282
1.269680
0.436607
0.104459
2.059079
1.576804
0.052651
2.029220
1.287270
0.647121
0.246636
0.170464
0.626066
0.318172
1.535640
0.004848
0.069451
2.519749
0.362637
0.158259
0.262008
0.349792
0.304995
1.715104
1.516288
3.108417
0.918297
1.680671
1.252836
0.342290
0.715548
1.234278
1.168341
0.376791
0.741050
0.795531
1.126321
0.853318
3.433349
0.940375
0.604710
0.383459
2.940887
0.364627
0.163646
0.340782
0.049638
0.189619
0.234512
0.554144
0.532798
1.168823
0.178022
1.610742
1.795495
0.607392
0.888966
1.949728
0.026758
0.565214
0.431368
1.719603
1.201619
1.841441
1.546144
2.159073
0.295393
0.604276
2.963053
0.869429
0.396274
0.472716
1.589264
2.047605
2.626901
0.037917
0.002329
0.366840
0.906388
1.168752
0.759766
0.511033
0.050891
0.573941
0.628791
3.003069
0.882135
1.266808
0.286253
0.331581
1.750005
0.963532
2.159546
1.310449
3.071365
0.113925
0.458708
0.311079
0.066736
0.915235
1.239005
1.237310
0.328379
0.299843
1.566266
1.499874
0.768057
0.330538
0.099140
0.483499
0.418469
3.987682
0.359122
0.329848
0.030062
0.825596
0.782591
0.444743
0.902110
0.724079
2.170536
0.081188
1.158897
2.998662
0.458636
0.014673
0.474056
0.062160
0.204273
1.375988
0.382520
0.079725
1.775910
0.876597
1.103147
1.171411
0.187306
1.094034
0.658872
0.005927
2.199548
4.029992
0.142438
0.004350
1.158733
1.880057
0.181775
0.091258
2.100629
2.134072
0.379647
1.062707
1.853117
0.010395
0.377436
0.697472
1.022636
0.450369
0.265901
0.165427
2.215502
2.269295
1.066817
0.975595
1.218809
0.214915
0.977639
0.433877
1.782574
0.525199
0.099452
0.210594
1.607677
0.058762
0.238351
0.099674
0.703615
0.043760
1.181860
0.601634
1.060697
2.035011
0.435358
0.250268
4.590763
3.069908
0.016344
0.066971
1.332034
1.014110
0.420370
0.841245
1.389209
2.061169
0.360076
1.108659
0.149390
0.338865
0.608276
0.470214
0.213475
0.966710
1.526670
0.077572
1.296931
0.380919
0.977702
0.387654
3.894731
0.009189
0.461410
0.568484
2.061849
0.576312
0.696398
0.820772
1.059669
0.778106
0.198036
0.538795
1.904373
0.210508
2.072365
0.239006
0.447084
0.328317
1.136082
0.865664
1.328562
0.247552
0.724473
0.594328
0.332772
1.061668
1.407428
0.499876
1.231971
1.802107
4.011865
0.153745
6.161912
0.749833
1.639181
0.442324
0.098034
1.031170
1.153444
0.303282
0.915596
2.414614
0.985720
1.147049
0.631134
1.815584
2.577670
0.125140
0.261407
0.121112
0.156947
0.597863
2.203462
0.536977
1.470637
1.002770
0.727802
0.179984
0.253501
1.485217
1.434766
0.121393
0.423308
0.079245
0.162336
0.100645
1.312711
0.618913
3.494218
0.415778
0.609744
0.010243
0.228686
0.247704
4.540340
0.456484
0.262691
0.023169
0.521926
0.024484
0.070265
0.197165
1.240185
0.882983
0.395120
0.868410
0.094886
0.170819
0.716606
0.138195
0.010586
0.089524
0.738728
1.181582
1.877216
0.736074
0.263441
1.115528
0.205094
0.956488
0.198058
1.295204
0.174377
1.520977
1.004781
0.934390
2.687994
1.098806
1.934706
2.097580
2.932105
0.290347
0.424194
0.530633
1.051992
1.907359
0.003341
1.640004
2.225896
0.741260
2.495434
2.810341
1.901172
0.911257
1.793822
3.037481
0.551215
1.521575
0.674278
1.183464
3.053675
0.255044
2.092796
0.694510
0.170458
0.357338
1.025237
0.026392
0.123090
0.393980
1.403719
0.991859
1.043538
1.300169
0.411947
1.666618
3.470831
0.457723
0.452565
1.614079
0.822990
0.230584
1.578706
1.095062
1.721426
1.812963
0.044748
0.370813
1.985207
0.424550
0.689579
0.581672
1.499550
1.060431
0.390583
0.293716
2.729387
0.000791
0.836027
1.131255
1.328043
2.345324
0.208650
0.050865
0.998971
0.876240
5.001065
0.045329
0.093663
0.652102
0.525168
3.234182
0.834845
1.250135
2.333857
1.715039
0.849751
0.207256
0.436350
0.543185
2.209563
0.064823
0.653662
0.248508
1.681385
1.492596
0.023231
0.358269
2.392561
0.882998
3.653237
0.096221
0.927759
2.679772
0.780078
0.449674
1.001569
0.309627
2.508060
0.017799
0.396178
1.336290
0.271494
0.173630
3.030854
1.573425
0.455279
0.146720
1.752627
1.122080
0.100647
0.542608
0.127953
0.245173
0.296542
1.187723
0.222797
1.336500
0.068849
0.000069
0.395978
2.808827
0.089745
2.430280
1.367116
2.578165
3.664497
2.317346
0.731356
3.270149
3.748222
0.347271
0.704942
0.492406
0.531530
0.882185
2.506659
2.129728
1.526352
3.353797
0.278256
0.427477
0.515100
0.837539
0.365256
1.359593
0.185666
0.826636
1.131594
0.641497
0.635360
0.565292
4.203917
0.441373
2.607452
0.777727
0.169459
0.506775
1.486823
0.502403
0.498419
0.034276
0.788495
0.911348
0.185593
0.186991
0.287926
0.633492
0.360890
2.356627
0.420620
0.201046
1.373713
0.685376
0.013562
1.795816
2.580500
1.368975
0.125825
1.548964
0.624041
0.352236
0.193685
2.166543
1.643926
1.852100
0.076572
0.741017
0.245107
2.019137
2.505340
0.366313
0.137862
0.969840
1.114760
0.763125
0.226260
0.151356
0.506069
0.058388
0.380047
0.032270
0.696903
1.382253
0.278216
0.255053
1.112113
0.850075
1.677029
4.663682
0.100222
1.238272
0.564954
1.443229
0.392886
2.591144
1.076024
0.045183
1.250667
0.433228
3.475097
0.187134
2.178389
0.346849
1.440095
1.087549
1.129009
0.562649
0.236878
1.126218
0.029422
0.323640
2.230625
1.302182
1.255781
0.398919
0.226584
1.101141
0.601531
1.262199
0.057239
3.336603
1.721849
0.688413
2.521980
0.338751
1.141499
1.690526
0.390654
1.834194
1.317488
0.114460
0.161694
1.312514
0.030789
0.029489
0.321113
0.098618
0.289466
2.715860
0.291068
0.066732
2.960807
0.518355
0.173531
2.049974
2.442841
0.790781
0.786616
0.226384
0.407561
1.124960
0.272219
0.097060
1.364404
0.910643
4.360649
1.026181
1.917517
0.919929
0.225024
0.487262
0.489647
0.215072
0.215495
0.221967
0.214625
0.024118
1.035577
2.785072
1.043007
0.639449
0.159083
0.236973
3.246051
0.595781
0.667816
0.602642
1.000912
1.095886
0.673086
0.771664
1.327358
2.438901
0.620959
0.273055
0.785015
2.475687
1.572415
0.098111
0.018975
0.344361
0.839544
0.197165
0.114442
0.590690
0.461752
2.003628
1.123996
1.426695
2.670653
0.010643
0.381278
0.066975
1.738507
0.328618
0.058236
0.442835
0.366329
0.402192
0.516317
3.563364
1.668342
0.873459
0.628123
0.789613
0.302153
2.159037
0.315390
0.907433
1.501465
0.916014
0.285317
0.001229
5.339466
2.935837
0.154833
1.566451
0.309114
1.945715
0.520963
0.288806
0.311665
0.408935
0.144785
0.778908
1.133318
