-149.065133,0.0001
-148.947988974,0.0
-148.830844948,0.0
-148.713700922,0.0
-148.596556896,0.0
-148.47941287,0.0
-148.362268844,0.0
-148.245124818,0.0
-148.127980792,0.0
-148.010836766,0.0
-147.89369274,0.0
-147.776548714,0.0
-147.659404688,0.0
-147.542260662,0.0
-147.425116636,0.0
-147.30797261,0.0
-147.190828584,0.0
-147.073684558,0.0
-146.956540532,0.0
-146.839396506,0.0
-146.72225248,0.0
-146.605108454,0.0
-146.487964428,0.0
-146.370820402,0.0
-146.253676376,0.0
-146.13653235,0.0
-146.019388324,0.0
-145.902244298,0.0
-145.785100272,0.0
-145.667956246,0.0
-145.55081222,0.0
-145.433668194,0.0
-145.316524168,0.0
-145.199380142,0.0
-145.082236116,0.0
-144.96509209,0.0001
-144.847948064,0.0
-144.730804038,0.0
-144.613660012,0.0
-144.496515986,0.0
-144.37937196,0.0
-144.262227934,0.0
-144.145083908,0.0
-144.027939882,0.0
-143.910795856,0.0
-143.79365183,0.0
-143.676507804,0.0
-143.559363778,0.0
-143.442219752,0.0
-143.325075726,0.0
-143.2079317,0.0
-143.090787674,0.0
-142.973643648,0.0
-142.856499622,0.0
-142.739355596,0.0
-142.62221157,0.0
-142.505067544,0.0
-142.387923518,0.0
-142.270779492,0.0
-142.153635466,0.0
-142.03649144,0.0
-141.919347414,0.0
-141.802203388,0.0
-141.685059362,0.0
-141.567915336,0.0
-141.45077131,0.0
-141.333627284,0.0
-141.216483258,0.0
-141.099339232,0.0
-140.982195206,0.0
-140.86505118,0.0
-140.747907154,0.0
-140.630763128,0.0
-140.513619102,0.0
-140.396475076,0.0
-140.27933105,0.0
-140.162187024,0.0
-140.045042998,0.0
-139.927898972,0.0
-139.810754946,0.0
-139.69361092,0.0
-139.576466894,0.0
-139.459322868,0.0
-139.342178842,0.0
-139.225034816,0.0
-139.10789079,0.0
-138.990746764,0.0
-138.873602738,0.0
-138.756458712,0.0
-138.639314686,0.0
-138.52217066,0.0
-138.405026634,0.0
-138.287882608,0.0
-138.170738582,0.0
-138.053594556,0.0
-137.93645053,0.0
-137.819306504,0.0
-137.702162478,0.0001
-137.585018452,0.0001
-137.467874426,0.0
-137.3507304,0.0
-137.233586374,0.0
-137.116442348,0.0
-136.999298322,0.0
-136.882154296,0.0
-136.76501027,0.0
-136.647866244,0.0
-136.530722218,0.0
-136.413578192,0.0
-136.296434166,0.0
-136.17929014,0.0
-136.062146114,0.0
-135.945002088,0.0
-135.827858062,0.0
-135.710714036,0.0
-135.59357001,0.0
-135.476425984,0.0
-135.359281958,0.0
-135.242137932,0.0
-135.124993906,0.0
-135.00784988,0.0
-134.890705854,0.0001
-134.773561828,0.0
-134.656417802,0.0
-134.539273776,0.0
-134.42212975,0.0
-134.304985724,0.0
-134.187841698,0.0
-134.070697672,0.0
-133.953553646,0.0
-133.83640962,0.0
-133.719265594,0.0
-133.602121568,0.0
-133.484977542,0.0
-133.367833516,0.0
-133.25068949,0.0
-133.133545464,0.0001
-133.016401438,0.0
-132.899257412,0.0
-132.782113386,0.0
-132.66496936,0.0
-132.547825334,0.0
-132.430681308,0.0
-132.313537282,0.0
-132.196393256,0.0
-132.07924923,0.0
-131.962105204,0.0001
-131.844961178,0.0
-131.727817152,0.0
-131.610673126,0.0
-131.4935291,0.0
-131.376385074,0.0
-131.259241048,0.0001
-131.142097022,0.0
-131.024952996,0.0
-130.90780897,0.0
-130.790664944,0.0
-130.673520918,0.0
-130.556376892,0.0
-130.439232866,0.0
-130.32208884,0.0001
-130.204944814,0.0001
-130.087800788,0.0
-129.970656762,0.0001
-129.853512736,0.0
-129.73636871,0.0
-129.619224684,0.0
-129.502080658,0.0
-129.384936632,0.0
-129.267792606,0.0
-129.15064858,0.0
-129.033504554,0.0
-128.916360528,0.0
-128.799216502,0.0001
-128.682072476,0.0
-128.56492845,0.0002
-128.447784424,0.0
-128.330640398,0.0
-128.213496372,0.0
-128.096352346,0.0
-127.97920832,0.0
-127.862064294,0.0
-127.744920268,0.0
-127.627776242,0.0
-127.510632216,0.0
-127.39348819,0.0001
-127.276344164,0.0
-127.159200138,0.0001
-127.042056112,0.0001
-126.924912086,0.0003
-126.80776806,0.0001
-126.690624034,0.0001
-126.573480008,0.0
-126.456335982,0.0001
-126.339191956,0.0
-126.22204793,0.0
-126.104903904,0.0
-125.987759878,0.0
-125.870615852,0.0
-125.753471826,0.0
-125.6363278,0.0001
-125.519183774,0.0002
-125.402039748,0.0002
-125.284895722,0.0
-125.167751696,0.0
-125.05060767,0.0002
-124.933463644,0.0
-124.816319618,0.0001
-124.699175592,0.0002
-124.582031566,0.0002
-124.46488754,0.0
-124.347743514,0.0001
-124.230599488,0.0004
-124.113455462,0.0
-123.996311436,0.0002
-123.87916741,0.0002
-123.762023384,0.0003
-123.644879358,0.0003
-123.527735332,0.0001
-123.410591306,0.0
-123.29344728,0.0002
-123.176303254,0.0001
-123.059159228,0.0002
-122.942015202,0.0001
-122.824871176,0.0001
-122.70772715,0.0003
-122.590583124,0.0001
-122.473439098,0.0003
-122.356295072,0.0002
-122.239151046,0.0001
-122.12200702,0.0003
-122.004862994,0.0
-121.887718968,0.0004
-121.770574942,0.0002
-121.653430916,0.0001
-121.53628689,0.0002
-121.419142864,0.0002
-121.301998838,0.0001
-121.184854812,0.0004
-121.067710786,0.0001
-120.95056676,0.0
-120.833422734,0.0001
-120.716278708,0.0003
-120.599134682,0.0003
-120.481990656,0.0003
-120.36484663,0.0005
-120.247702604,0.0002
-120.130558578,0.0003
-120.013414552,0.0004
-119.896270526,0.0
-119.7791265,0.0002
-119.661982474,0.0001
-119.544838448,0.0005
-119.427694422,0.0002
-119.310550396,0.0005
-119.19340637,0.0004
-119.076262344,0.0005
-118.959118318,0.0005
-118.841974292,0.0002
-118.724830266,0.0002
-118.60768624,0.0004
-118.490542214,0.0001
-118.373398188,0.0003
-118.256254162,0.0001
-118.139110136,0.0003
-118.02196611,0.0004
-117.904822084,0.0002
-117.787678058,0.0001
-117.670534032,0.0002
-117.553390006,0.0005
-117.43624598,0.0006
-117.319101954,0.0002
-117.201957928,0.0003
-117.084813902,0.0003
-116.967669876,0.0007
-116.85052585,0.0005
-116.733381824,0.0005
-116.616237798,0.0005
-116.499093772,0.0005
-116.381949746,0.0005
-116.26480572,0.0004
-116.147661694,0.0005
-116.030517668,0.0008
-115.913373642,0.0004
-115.796229616,0.0008
-115.67908559,0.0007
-115.561941564,0.0003
-115.444797538,0.0006
-115.327653512,0.0009
-115.210509486,0.0008
-115.09336546,0.001
-114.976221434,0.0007
-114.859077408,0.0006
-114.741933382,0.0009
-114.624789356,0.0011
-114.50764533,0.0009
-114.390501304,0.0007
-114.273357278,0.0008
-114.156213252,0.0008
-114.039069226,0.0012
-113.9219252,0.0007
-113.804781174,0.0012
-113.687637148,0.0009
-113.570493122,0.0012
-113.453349096,0.0013
-113.33620507,0.0014
-113.219061044,0.0012
-113.101917018,0.001
-112.984772992,0.0012
-112.867628966,0.0007
-112.75048494,0.001
-112.633340914,0.0021
-112.516196888,0.0008
-112.399052862,0.0017
-112.281908836,0.0013
-112.16476481,0.0018
-112.047620784,0.0017
-111.930476758,0.0024
-111.813332732,0.0014
-111.696188706,0.0013
-111.57904468,0.0009
-111.461900654,0.002
-111.344756628,0.0012
-111.227612602,0.0011
-111.110468576,0.0018
-110.99332455,0.0018
-110.876180524,0.0021
-110.759036498,0.0032
-110.641892472,0.0016
-110.524748446,0.0026
-110.40760442,0.0019
-110.290460394,0.0016
-110.173316368,0.0019
-110.056172342,0.0027
-109.939028316,0.0024
-109.82188429,0.0024
-109.704740264,0.0035
-109.587596238,0.0024
-109.470452212,0.003
-109.353308186,0.0024
-109.23616416,0.0031
-109.119020134,0.0026
-109.001876108,0.0025
-108.884732082,0.0032
-108.767588056,0.0029
-108.65044403,0.0023
-108.533300004,0.0036
-108.416155978,0.0037
-108.299011952,0.0025
-108.181867926,0.0037
-108.0647239,0.0033
-107.947579874,0.0035
-107.830435848,0.005
-107.713291822,0.0042
-107.596147796,0.0036
-107.47900377,0.0049
-107.361859744,0.0031
-107.244715718,0.0046
-107.127571692,0.0037
-107.010427666,0.0036
-106.89328364,0.0044
-106.776139614,0.0043
-106.658995588,0.0048
-106.541851562,0.0045
-106.424707536,0.0052
-106.30756351,0.0046
-106.190419484,0.0047
-106.073275458,0.0049
-105.956131432,0.0054
-105.838987406,0.0054
-105.72184338,0.0061
-105.604699354,0.0051
-105.487555328,0.0051
-105.370411302,0.006
-105.253267276,0.0068
-105.13612325,0.0056
-105.018979224,0.0059
-104.901835198,0.0068
-104.784691172,0.0056
-104.667547146,0.0064
-104.55040312,0.0068
-104.433259094,0.0074
-104.316115068,0.0063
-104.198971042,0.0069
-104.081827016,0.0073
-103.96468299,0.0071
-103.847538964,0.0073
-103.730394938,0.0077
-103.613250912,0.0071
-103.496106886,0.0065
-103.37896286,0.0067
-103.261818834,0.0071
-103.144674808,0.0075
-103.027530782,0.0088
-102.910386756,0.0085
-102.79324273,0.0096
-102.676098704,0.0075
-102.558954678,0.0098
-102.441810652,0.0078
-102.324666626,0.009
-102.2075226,0.0096
-102.090378574,0.0084
-101.973234548,0.0092
-101.856090522,0.0091
-101.738946496,0.0103
-101.62180247,0.0083
-101.504658444,0.0093
-101.387514418,0.0085
-101.270370392,0.0094
-101.153226366,0.0106
-101.03608234,0.0091
-100.918938314,0.0102
-100.801794288,0.0104
-100.684650262,0.0111
-100.567506236,0.0115
-100.45036221,0.0098
-100.333218184,0.0109
-100.216074158,0.0092
-100.098930132,0.0101
-99.981786106,0.0103
-99.86464208,0.0093
-99.747498054,0.0107
-99.630354028,0.0101
-99.513210002,0.0118
-99.396065976,0.0111
-99.27892195,0.0101
-99.161777924,0.0104
-99.044633898,0.0101
-98.927489872,0.0102
-98.810345846,0.0104
-98.69320182,0.0097
-98.576057794,0.0113
-98.458913768,0.0103
-98.341769742,0.0086
-98.224625716,0.0082
-98.10748169,0.0086
-97.990337664,0.0099
-97.873193638,0.0085
-97.756049612,0.0069
-97.638905586,0.0092
-97.52176156,0.0083
-97.404617534,0.0081
-97.287473508,0.0086
-97.170329482,0.008
-97.053185456,0.0068
-96.93604143,0.0076
-96.818897404,0.0083
-96.701753378,0.0072
-96.584609352,0.0082
-96.467465326,0.0054
-96.3503213,0.0051
-96.233177274,0.0047
-96.116033248,0.0064
-95.998889222,0.0059
-95.881745196,0.004
-95.76460117,0.0045
-95.647457144,0.0037
-95.530313118,0.0044
-95.413169092,0.0044
-95.296025066,0.0058
-95.17888104,0.0042
-95.061737014,0.0046
-94.944592988,0.0047
-94.827448962,0.0038
-94.710304936,0.0031
-94.59316091,0.0025
-94.476016884,0.0022
-94.358872858,0.0024
-94.241728832,0.0021
-94.124584806,0.0012
-94.00744078,0.0013
-93.890296754,0.0022
-93.773152728,0.0016
-93.656008702,0.0013
-93.538864676,0.0012
-93.42172065,0.0009
-93.304576624,0.001
-93.187432598,0.0013
-93.070288572,0.0013
-92.953144546,0.0008
-92.83600052,0.0007
-92.718856494,0.0007
-92.601712468,0.0006
-92.484568442,0.0005
-92.367424416,0.0003
-92.25028039,0.0002
-92.133136364,0.0004
-92.015992338,0.0006
-91.898848312,0.0003
-91.781704286,0.0002
-91.66456026,0.0
-91.547416234,0.0
-91.430272208,0.0
-91.313128182,0.0
-91.195984156,0.0
-91.07884013,0.0001
-90.961696104,0.0002
-90.844552078,0.0
-90.727408052,0.0
-90.610264026,0.0001
