-90.169787,0.000537109375
-90.152059684,0.00146484375
-90.134332368,0.001416015625
-90.116605052,0.001953125
-90.098877736,0.003125
-90.08115042,0.0033203125
-90.063423104,0.00390625
-90.045695788,0.004345703125
-90.027968472,0.004150390625
-90.010241156,0.004736328125
-89.99251384,0.005419921875
-89.974786524,0.00546875
-89.957059208,0.006982421875
-89.939331892,0.00673828125
-89.921604576,0.006201171875
-89.90387726,0.0076171875
-89.886149944,0.00693359375
-89.868422628,0.0076171875
-89.850695312,0.00732421875
-89.832967996,0.008642578125
-89.81524068,0.00751953125
-89.797513364,0.00703125
-89.779786048,0.0083984375
-89.762058732,0.009716796875
-89.744331416,0.009716796875
-89.7266041,0.01005859375
-89.708876784,0.00947265625
-89.691149468,0.009716796875
-89.673422152,0.009716796875
-89.655694836,0.009423828125
-89.63796752,0.010107421875
-89.620240204,0.0099609375
-89.602512888,0.010009765625
-89.584785572,0.01064453125
-89.567058256,0.010400390625
-89.54933094,0.00966796875
-89.531603624,0.010888671875
-89.513876308,0.00986328125
-89.496148992,0.010107421875
-89.478421676,0.010693359375
-89.46069436,0.00927734375
-89.442967044,0.0099609375
-89.425239728,0.00947265625
-89.407512412,0.010009765625
-89.389785096,0.0095703125
-89.37205778,0.009619140625
-89.354330464,0.008984375
-89.336603148,0.010986328125
-89.318875832,0.009033203125
-89.301148516,0.008984375
-89.2834212,0.00869140625
-89.265693884,0.009912109375
-89.247966568,0.00908203125
-89.230239252,0.008544921875
-89.212511936,0.007275390625
-89.19478462,0.00869140625
-89.177057304,0.0087890625
-89.159329988,0.009716796875
-89.141602672,0.00869140625
-89.123875356,0.009033203125
-89.10614804,0.008984375
-89.088420724,0.00849609375
-89.070693408,0.008740234375
-89.052966092,0.008154296875
-89.035238776,0.009716796875
-89.01751146,0.00712890625
-88.999784144,0.0087890625
-88.982056828,0.008544921875
-88.964329512,0.00947265625
-88.946602196,0.007177734375
-88.92887488,0.006982421875
-88.911147564,0.008251953125
-88.893420248,0.0080078125
-88.875692932,0.007470703125
-88.857965616,0.007666015625
-88.8402383,0.008349609375
-88.822510984,0.007080078125
-88.804783668,0.00673828125
-88.787056352,0.00673828125
-88.769329036,0.00634765625
-88.75160172,0.0060546875
-88.733874404,0.00732421875
-88.716147088,0.006884765625
-88.698419772,0.005908203125
-88.680692456,0.006787109375
-88.66296514,0.005810546875
-88.645237824,0.006396484375
-88.627510508,0.006689453125
-88.609783192,0.005517578125
-88.592055876,0.00595703125
-88.57432856,0.0056640625
-88.556601244,0.005615234375
-88.538873928,0.005029296875
-88.521146612,0.005712890625
-88.503419296,0.0056640625
-88.48569198,0.005322265625
-88.467964664,0.0052734375
-88.450237348,0.005859375
-88.432510032,0.004931640625
-88.414782716,0.005517578125
-88.3970554,0.0048828125
-88.379328084,0.0046875
-88.361600768,0.0044921875
-88.343873452,0.00458984375
-88.326146136,0.00400390625
-88.30841882,0.004541015625
-88.290691504,0.0044921875
-88.272964188,0.00458984375
-88.255236872,0.00390625
-88.237509556,0.003564453125
-88.21978224,0.0041015625
-88.202054924,0.003857421875
-88.184327608,0.003662109375
-88.166600292,0.00419921875
-88.148872976,0.00400390625
-88.13114566,0.00380859375
-88.113418344,0.003515625
-88.095691028,0.00322265625
-88.077963712,0.003466796875
-88.060236396,0.004150390625
-88.04250908,0.0037109375
-88.024781764,0.00302734375
-88.007054448,0.00322265625
-87.989327132,0.0029296875
-87.971599816,0.002978515625
-87.9538725,0.002880859375
-87.936145184,0.00302734375
-87.918417868,0.002587890625
-87.900690552,0.002880859375
-87.882963236,0.003173828125
-87.86523592,0.002294921875
-87.847508604,0.0029296875
-87.829781288,0.0029296875
-87.812053972,0.00234375
-87.794326656,0.0025390625
-87.77659934,0.002490234375
-87.758872024,0.00263671875
-87.741144708,0.00224609375
-87.723417392,0.00234375
-87.705690076,0.002197265625
-87.68796276,0.00205078125
-87.670235444,0.002001953125
-87.652508128,0.001953125
-87.634780812,0.002392578125
-87.617053496,0.0017578125
-87.59932618,0.002490234375
-87.581598864,0.0015625
-87.563871548,0.0017578125
-87.546144232,0.0021484375
-87.528416916,0.002001953125
-87.5106896,0.00166015625
-87.492962284,0.00205078125
-87.475234968,0.0017578125
-87.457507652,0.001220703125
-87.439780336,0.001953125
-87.42205302,0.002099609375
-87.404325704,0.00146484375
-87.386598388,0.00166015625
-87.368871072,0.001318359375
-87.351143756,0.001220703125
-87.33341644,0.001220703125
-87.315689124,0.00166015625
-87.297961808,0.00107421875
-87.280234492,0.001220703125
-87.262507176,0.00166015625
-87.24477986,0.001513671875
-87.227052544,0.001513671875
-87.209325228,0.00146484375
-87.191597912,0.001318359375
-87.173870596,0.0015625
-87.15614328,0.001513671875
-87.138415964,0.001318359375
-87.120688648,0.00087890625
-87.102961332,0.00107421875
-87.085234016,0.00068359375
-87.0675067,0.001123046875
-87.049779384,0.00146484375
-87.032052068,0.000634765625
-87.014324752,0.00087890625
-86.996597436,0.001025390625
-86.97887012,0.000830078125
-86.961142804,0.000732421875
-86.943415488,0.00087890625
-86.925688172,0.00126953125
-86.907960856,0.001318359375
-86.89023354,0.00087890625
-86.872506224,0.00087890625
-86.854778908,0.000732421875
-86.837051592,0.00078125
-86.819324276,0.00107421875
-86.80159696,0.000830078125
-86.783869644,0.000732421875
-86.766142328,0.000634765625
-86.748415012,0.000634765625
-86.730687696,0.000634765625
-86.71296038,0.000634765625
-86.695233064,0.00048828125
-86.677505748,0.00087890625
-86.659778432,0.000537109375
-86.642051116,0.0005859375
-86.6243238,0.000732421875
-86.606596484,0.0005859375
-86.588869168,0.000439453125
-86.571141852,0.000634765625
-86.553414536,0.000634765625
-86.53568722,0.000634765625
-86.517959904,0.000390625
-86.500232588,0.00087890625
-86.482505272,0.0005859375
-86.464777956,0.0005859375
-86.44705064,0.000537109375
-86.429323324,0.0009765625
-86.411596008,0.000390625
-86.393868692,0.000537109375
-86.376141376,0.00029296875
-86.35841406,0.0005859375
-86.340686744,0.000341796875
-86.322959428,0.0005859375
-86.305232112,0.000390625
-86.287504796,0.0005859375
-86.26977748,0.00068359375
-86.252050164,0.00048828125
-86.234322848,0.000390625
-86.216595532,0.000439453125
-86.198868216,0.000439453125
-86.1811409,0.000341796875
-86.163413584,0.000634765625
-86.145686268,0.000341796875
-86.127958952,0.000439453125
-86.110231636,0.000341796875
-86.09250432,0.000341796875
-86.074777004,0.000390625
-86.057049688,9.765625e-05
-86.039322372,0.000341796875
-86.021595056,0.00029296875
-86.00386774,0.000537109375
-85.986140424,0.000341796875
-85.968413108,0.00048828125
-85.950685792,0.00048828125
-85.932958476,0.000244140625
-85.91523116,0.000341796875
-85.897503844,0.000146484375
-85.879776528,0.0001953125
-85.862049212,0.000341796875
-85.844321896,0.00029296875
-85.82659458,0.000146484375
-85.808867264,0.00029296875
-85.791139948,0.000390625
-85.773412632,0.000146484375
-85.755685316,0.00029296875
-85.737958,0.00029296875
-85.720230684,0.000244140625
-85.702503368,0.000244140625
-85.684776052,0.000244140625
-85.667048736,0.000341796875
-85.64932142,4.8828125e-05
-85.631594104,9.765625e-05
-85.613866788,0.000244140625
-85.596139472,0.0001953125
-85.578412156,0.00029296875
-85.56068484,0.000439453125
-85.542957524,0.000341796875
-85.525230208,0.000439453125
-85.507502892,0.000146484375
-85.489775576,0.000146484375
-85.47204826,0.0001953125
-85.454320944,0.000146484375
-85.436593628,9.765625e-05
-85.418866312,0.000341796875
-85.401138996,0.00029296875
-85.38341168,9.765625e-05
-85.365684364,9.765625e-05
-85.347957048,9.765625e-05
-85.330229732,0.000244140625
-85.312502416,0.000146484375
-85.2947751,9.765625e-05
-85.277047784,0.0001953125
-85.259320468,0.000390625
-85.241593152,0.0001953125
-85.223865836,0.000146484375
-85.20613852,9.765625e-05
-85.188411204,9.765625e-05
-85.170683888,9.765625e-05
-85.152956572,4.8828125e-05
-85.135229256,0.000146484375
-85.11750194,0.000146484375
-85.099774624,0.0
-85.082047308,4.8828125e-05
-85.064319992,4.8828125e-05
-85.046592676,9.765625e-05
-85.02886536,0.000146484375
-85.011138044,4.8828125e-05
-84.993410728,4.8828125e-05
-84.975683412,9.765625e-05
-84.957956096,0.0
-84.94022878,4.8828125e-05
-84.922501464,0.0
-84.904774148,4.8828125e-05
-84.887046832,0.0
-84.869319516,4.8828125e-05
-84.8515922,0.0
-84.833864884,4.8828125e-05
-84.816137568,4.8828125e-05
-84.798410252,4.8828125e-05
-84.780682936,0.000146484375
-84.76295562,4.8828125e-05
-84.745228304,0.0
-84.727500988,0.000146484375
-84.709773672,4.8828125e-05
-84.692046356,0.0
-84.67431904,0.0
-84.656591724,9.765625e-05
-84.638864408,0.0
-84.621137092,9.765625e-05
-84.603409776,4.8828125e-05
-84.58568246,4.8828125e-05
-84.567955144,4.8828125e-05
-84.550227828,4.8828125e-05
-84.532500512,4.8828125e-05
-84.514773196,9.765625e-05
-84.49704588,4.8828125e-05
-84.479318564,0.0
-84.461591248,0.0
-84.443863932,4.8828125e-05
-84.426136616,0.0
-84.4084093,4.8828125e-05
-84.390681984,4.8828125e-05
-84.372954668,9.765625e-05
-84.355227352,4.8828125e-05
-84.337500036,0.0001953125
-84.31977272,0.000146484375
-84.302045404,9.765625e-05
-84.284318088,4.8828125e-05
-84.266590772,0.0
-84.248863456,4.8828125e-05
-84.23113614,4.8828125e-05
-84.213408824,4.8828125e-05
-84.195681508,9.765625e-05
-84.177954192,4.8828125e-05
-84.160226876,0.0
-84.14249956,0.0
-84.124772244,0.0
-84.107044928,9.765625e-05
-84.089317612,0.0
-84.071590296,0.0
-84.05386298,0.0
-84.036135664,4.8828125e-05
-84.018408348,4.8828125e-05
-84.000681032,0.0
-83.982953716,4.8828125e-05
-83.9652264,0.0
-83.947499084,0.0
-83.929771768,0.0
-83.912044452,0.0
-83.894317136,0.0
-83.87658982,4.8828125e-05
-83.858862504,0.0
-83.841135188,0.0
-83.823407872,9.765625e-05
-83.805680556,9.765625e-05
-83.78795324,0.0
-83.770225924,9.765625e-05
-83.752498608,4.8828125e-05
-83.734771292,4.8828125e-05
-83.717043976,0.0
-83.69931666,0.0
-83.681589344,0.0
-83.663862028,0.0
-83.646134712,0.0
-83.628407396,0.0
-83.61068008,0.0
-83.592952764,0.0
-83.575225448,0.0
-83.557498132,0.0
-83.539770816,0.0
-83.5220435,0.0
-83.504316184,4.8828125e-05
-83.486588868,4.8828125e-05
-83.468861552,4.8828125e-05
-83.451134236,0.0
-83.43340692,0.0
-83.415679604,0.0
-83.397952288,0.0
-83.380224972,0.0
-83.362497656,4.8828125e-05
-83.34477034,0.0
-83.327043024,0.0
-83.309315708,0.0
-83.291588392,0.0
-83.273861076,0.0
-83.25613376,0.0
-83.238406444,0.0
-83.220679128,0.0
-83.202951812,0.0
-83.185224496,4.8828125e-05
-83.16749718,4.8828125e-05
-83.149769864,4.8828125e-05
-83.132042548,4.8828125e-05
-83.114315232,0.0
-83.096587916,0.0
-83.0788606,4.8828125e-05
-83.061133284,4.8828125e-05
-83.043405968,0.0
-83.025678652,0.0
-83.007951336,0.0
-82.99022402,0.0
-82.972496704,0.0
-82.954769388,0.0
-82.937042072,0.0
-82.919314756,0.0
-82.90158744,0.0
-82.883860124,0.0
-82.866132808,0.0
-82.848405492,4.8828125e-05
-82.830678176,0.0
-82.81295086,0.0
-82.795223544,0.0
-82.777496228,4.8828125e-05
-82.759768912,0.0
-82.742041596,0.0
-82.72431428,0.0
-82.706586964,0.0
-82.688859648,0.0
-82.671132332,0.0
-82.653405016,0.0
-82.6356777,0.0
-82.617950384,0.0
-82.600223068,0.0
-82.582495752,0.0
-82.564768436,0.0
-82.54704112,0.0
-82.529313804,4.8828125e-05
-82.511586488,0.0
-82.493859172,0.0
-82.476131856,0.0
-82.45840454,0.0
-82.440677224,0.0
-82.422949908,0.0
-82.405222592,0.0
-82.387495276,0.0
-82.36976796,0.0
-82.352040644,0.0
-82.334313328,0.0
-82.316586012,0.0
-82.298858696,0.0
-82.28113138,4.8828125e-05
-82.263404064,0.0
-82.245676748,0.0
-82.227949432,0.0
-82.210222116,0.0
-82.1924948,0.0
-82.174767484,0.0
-82.157040168,0.0
-82.139312852,0.0
-82.121585536,0.0
-82.10385822,0.0
-82.086130904,0.0
-82.068403588,0.0
-82.050676272,0.0
-82.032948956,0.0
-82.01522164,0.0
-81.997494324,0.0
-81.979767008,0.0
-81.962039692,0.0
-81.944312376,0.0
-81.92658506,0.0
-81.908857744,0.0
-81.891130428,0.0
-81.873403112,0.0
-81.855675796,0.0
-81.83794848,0.0
-81.820221164,0.0
-81.802493848,0.0
-81.784766532,0.0
-81.767039216,0.0
-81.7493119,0.0
-81.731584584,0.0
-81.713857268,0.0
-81.696129952,0.0
-81.678402636,0.0
-81.66067532,0.0
-81.642948004,0.0
-81.625220688,0.0
-81.607493372,0.0
-81.589766056,0.0
-81.57203874,0.0
-81.554311424,0.0
-81.536584108,0.0
-81.518856792,0.0
-81.501129476,0.0
-81.48340216,0.0
-81.465674844,0.0
-81.447947528,0.0
-81.430220212,0.0
-81.412492896,0.0
-81.39476558,0.0
-81.377038264,0.0
-81.359310948,0.0
-81.341583632,0.0
-81.323856316,4.8828125e-05
