6.9e-05,0.0163
0.015720702,0.0148
0.031372404,0.0119
0.047024106,0.0139
0.062675808,0.0132
0.07832751,0.0131
0.093979212,0.014
0.109630914,0.0124
0.125282616,0.0125
0.140934318,0.0135
0.15658602,0.0122
0.172237722,0.0134
0.187889424,0.0112
0.203541126,0.0129
0.219192828,0.0125
0.23484453,0.0126
0.250496232,0.0129
0.266147934,0.0129
0.281799636,0.0135
0.297451338,0.0097
0.31310304,0.0098
0.328754742,0.0103
0.344406444,0.0115
0.360058146,0.0114
0.375709848,0.0111
0.39136155,0.0117
0.407013252,0.0112
0.422664954,0.0113
0.438316656,0.0091
0.453968358,0.0106
0.46962006,0.0103
0.485271762,0.0084
0.500923464,0.0084
0.516575166,0.0103
0.532226868,0.0111
0.54787857,0.008
0.563530272,0.0094
0.579181974,0.0097
0.594833676,0.011
0.610485378,0.0086
0.62613708,0.0072
0.641788782,0.0078
0.657440484,0.0062
0.673092186,0.009
0.688743888,0.0063
0.70439559,0.0075
0.720047292,0.008
0.735698994,0.0096
0.751350696,0.0083
0.767002398,0.0082
0.7826541,0.0069
0.798305802,0.0074
0.813957504,0.0071
0.829609206,0.007
0.845260908,0.0064
0.86091261,0.0071
0.876564312,0.0071
0.892216014,0.0082
0.907867716,0.0065
0.923519418,0.0052
0.93917112,0.0051
0.954822822,0.0069
0.970474524,0.005
0.986126226,0.0068
1.001777928,0.0069
1.01742963,0.0062
1.033081332,0.0065
1.048733034,0.0062
1.064384736,0.0054
1.080036438,0.0045
1.09568814,0.0047
1.111339842,0.0049
1.126991544,0.0054
1.142643246,0.0037
1.158294948,0.0054
1.17394665,0.0046
1.189598352,0.0034
1.205250054,0.0027
1.220901756,0.0047
1.236553458,0.0036
1.25220516,0.0042
1.267856862,0.0049
1.283508564,0.0045
1.299160266,0.0049
1.314811968,0.004
1.33046367,0.0035
1.346115372,0.0037
1.361767074,0.0038
1.377418776,0.0028
1.393070478,0.0059
1.40872218,0.0035
1.424373882,0.0043
1.440025584,0.0041
1.455677286,0.0049
1.471328988,0.0036
1.48698069,0.0038
1.502632392,0.0025
1.518284094,0.0043
1.533935796,0.0033
1.549587498,0.003
1.5652392,0.0039
1.580890902,0.0034
1.596542604,0.0042
1.612194306,0.0025
1.627846008,0.0041
1.64349771,0.0031
1.659149412,0.0026
1.674801114,0.0026
1.690452816,0.0028
1.706104518,0.0043
1.72175622,0.0031
1.737407922,0.0028
1.753059624,0.0014
1.768711326,0.0039
1.784363028,0.0023
1.80001473,0.0028
1.815666432,0.0023
1.831318134,0.0018
1.846969836,0.0023
1.862621538,0.0022
1.87827324,0.002
1.893924942,0.0028
1.909576644,0.002
1.925228346,0.0021
1.940880048,0.0021
1.95653175,0.0013
1.972183452,0.0028
1.987835154,0.002
2.003486856,0.0023
2.019138558,0.002
2.03479026,0.003
2.050441962,0.0021
2.066093664,0.002
2.081745366,0.0011
2.097397068,0.0018
2.11304877,0.0017
2.128700472,0.0014
2.144352174,0.0018
2.160003876,0.002
2.175655578,0.0014
2.19130728,0.0018
2.206958982,0.0017
2.222610684,0.0014
2.238262386,0.0021
2.253914088,0.0009
2.26956579,0.0015
2.285217492,0.0017
2.300869194,0.0015
2.316520896,0.0015
2.332172598,0.0014
2.3478243,0.0014
2.363476002,0.0016
2.379127704,0.0017
2.394779406,0.0013
2.410431108,0.0022
2.42608281,0.0017
2.441734512,0.0018
2.457386214,0.0012
2.473037916,0.0014
2.488689618,0.0019
2.50434132,0.0015
2.519993022,0.0017
2.535644724,0.0009
2.551296426,0.0013
2.566948128,0.0009
2.58259983,0.0006
2.598251532,0.0006
2.613903234,0.0017
2.629554936,0.0011
2.645206638,0.0012
2.66085834,0.0012
2.676510042,0.0013
2.692161744,0.0009
2.707813446,0.001
2.723465148,0.0008
2.73911685,0.0007
2.754768552,0.0008
2.770420254,0.0009
2.786071956,0.001
2.801723658,0.0006
2.81737536,0.0007
2.833027062,0.0012
2.848678764,0.001
2.864330466,0.0008
2.879982168,0.0008
2.89563387,0.0004
2.911285572,0.0009
2.926937274,0.0008
2.942588976,0.0012
2.958240678,0.001
2.97389238,0.0004
2.989544082,0.001
3.005195784,0.0007
3.020847486,0.0008
3.036499188,0.0007
3.05215089,0.0009
3.067802592,0.0007
3.083454294,0.001
3.099105996,0.0007
3.114757698,0.0006
3.1304094,0.0011
3.146061102,0.0002
3.161712804,0.0009
3.177364506,0.0006
3.193016208,0.0004
3.20866791,0.0009
3.224319612,0.0006
3.239971314,0.0008
3.255623016,0.0007
3.271274718,0.0006
3.28692642,0.0006
3.302578122,0.0008
3.318229824,0.0005
3.333881526,0.0011
3.349533228,0.001
3.36518493,0.0003
3.380836632,0.0004
3.396488334,0.0002
3.412140036,0.0
3.427791738,0.0003
3.44344344,0.0002
3.459095142,0.0002
3.474746844,0.0006
3.490398546,0.0008
3.506050248,0.0006
3.52170195,0.0003
3.537353652,0.0006
3.553005354,0.0005
3.568657056,0.0003
3.584308758,0.0001
3.59996046,0.0005
3.615612162,0.0005
3.631263864,0.0003
3.646915566,0.0002
3.662567268,0.0002
3.67821897,0.0003
3.693870672,0.0002
3.709522374,0.0004
3.725174076,0.0001
3.740825778,0.0004
3.75647748,0.0007
3.772129182,0.0003
3.787780884,0.0002
3.803432586,0.0001
3.819084288,0.0006
3.83473599,0.0003
3.850387692,0.0004
3.866039394,0.0004
3.881691096,0.0003
3.897342798,0.0003
3.9129945,0.0003
3.928646202,0.0003
3.944297904,0.0001
3.959949606,0.0004
3.975601308,0.0006
3.99125301,0.0003
4.006904712,0.0006
4.022556414,0.0006
4.038208116,0.0004
4.053859818,0.0003
4.06951152,0.0001
4.085163222,0.0001
4.100814924,0.0003
4.116466626,0.0004
4.132118328,0.0004
4.14777003,0.0002
4.163421732,0.0005
4.179073434,0.0004
4.194725136,0.0003
4.210376838,0.0002
4.22602854,0.0004
4.241680242,0.0001
4.257331944,0.0001
4.272983646,0.0001
4.288635348,0.0002
4.30428705,0.0003
4.319938752,0.0002
4.335590454,0.0002
4.351242156,0.0004
4.366893858,0.0001
4.38254556,0.0001
4.398197262,0.0003
4.413848964,0.0
4.429500666,0.0002
4.445152368,0.0004
4.46080407,0.0
4.476455772,0.0001
4.492107474,0.0
4.507759176,0.0
4.523410878,0.0004
4.53906258,0.0002
4.554714282,0.0
4.570365984,0.0003
4.586017686,0.0002
4.601669388,0.0001
4.61732109,0.0001
4.632972792,0.0002
4.648624494,0.0002
4.664276196,0.0003
4.679927898,0.0002
4.6955796,0.0002
4.711231302,0.0003
4.726883004,0.0
4.742534706,0.0002
4.758186408,0.0
4.77383811,0.0001
4.789489812,0.0001
4.805141514,0.0
4.820793216,0.0
4.836444918,0.0
4.85209662,0.0001
4.867748322,0.0002
4.883400024,0.0
4.899051726,0.0002
4.914703428,0.0
4.93035513,0.0001
4.946006832,0.0003
4.961658534,0.0001
4.977310236,0.0
4.992961938,0.0002
5.00861364,0.0
5.024265342,0.0002
5.039917044,0.0002
5.055568746,0.0
5.071220448,0.0
5.08687215,0.0001
5.102523852,0.0001
5.118175554,0.0002
5.133827256,0.0
5.149478958,0.0001
5.16513066,0.0
5.180782362,0.0001
5.196434064,0.0002
5.212085766,0.0001
5.227737468,0.0001
5.24338917,0.0001
5.259040872,0.0001
5.274692574,0.0001
5.290344276,0.0002
5.305995978,0.0001
5.32164768,0.0
5.337299382,0.0002
5.352951084,0.0
5.368602786,0.0001
5.384254488,0.0
5.39990619,0.0
5.415557892,0.0
5.431209594,0.0
5.446861296,0.0
5.462512998,0.0
5.4781647,0.0
5.493816402,0.0
5.509468104,0.0
5.525119806,0.0002
5.540771508,0.0002
5.55642321,0.0
5.572074912,0.0001
5.587726614,0.0
5.603378316,0.0
5.619030018,0.0
5.63468172,0.0001
5.650333422,0.0
5.665985124,0.0001
5.681636826,0.0
5.697288528,0.0
5.71294023,0.0
5.728591932,0.0
5.744243634,0.0001
5.759895336,0.0
5.775547038,0.0
5.79119874,0.0
5.806850442,0.0
5.822502144,0.0
5.838153846,0.0001
5.853805548,0.0
5.86945725,0.0
5.885108952,0.0001
5.900760654,0.0001
5.916412356,0.0
5.932064058,0.0
5.94771576,0.0
5.963367462,0.0
5.979019164,0.0
5.994670866,0.0
6.010322568,0.0
6.02597427,0.0
6.041625972,0.0001
6.057277674,0.0
6.072929376,0.0
6.088581078,0.0
6.10423278,0.0
6.119884482,0.0
6.135536184,0.0
6.151187886,0.0001
6.166839588,0.0
6.18249129,0.0
6.198142992,0.0
6.213794694,0.0
6.229446396,0.0
6.245098098,0.0
6.2607498,0.0
6.276401502,0.0
6.292053204,0.0
6.307704906,0.0
6.323356608,0.0
6.33900831,0.0
6.354660012,0.0
6.370311714,0.0
6.385963416,0.0
6.401615118,0.0
6.41726682,0.0
6.432918522,0.0
6.448570224,0.0
6.464221926,0.0
6.479873628,0.0
6.49552533,0.0001
6.511177032,0.0
6.526828734,0.0
6.542480436,0.0
6.558132138,0.0
6.57378384,0.0
6.589435542,0.0
6.605087244,0.0
6.620738946,0.0
6.636390648,0.0
6.65204235,0.0
6.667694052,0.0
6.683345754,0.0
6.698997456,0.0
6.714649158,0.0
6.73030086,0.0
6.745952562,0.0
6.761604264,0.0
6.777255966,0.0
6.792907668,0.0
6.80855937,0.0
6.824211072,0.0001
6.839862774,0.0
6.855514476,0.0
6.871166178,0.0
6.88681788,0.0
6.902469582,0.0
6.918121284,0.0
6.933772986,0.0
6.949424688,0.0
6.96507639,0.0
6.980728092,0.0
6.996379794,0.0
7.012031496,0.0
7.027683198,0.0001
7.0433349,0.0
7.058986602,0.0
7.074638304,0.0
7.090290006,0.0
7.105941708,0.0
7.12159341,0.0
7.137245112,0.0
7.152896814,0.0
7.168548516,0.0
7.184200218,0.0001
7.19985192,0.0
7.215503622,0.0
7.231155324,0.0
7.246807026,0.0001
7.262458728,0.0
7.27811043,0.0
7.293762132,0.0
7.309413834,0.0
7.325065536,0.0
7.340717238,0.0
7.35636894,0.0
7.372020642,0.0
7.387672344,0.0
7.403324046,0.0
7.418975748,0.0
7.43462745,0.0
7.450279152,0.0
7.465930854,0.0
7.481582556,0.0
7.497234258,0.0
7.51288596,0.0
7.528537662,0.0
7.544189364,0.0
7.559841066,0.0
7.575492768,0.0
7.59114447,0.0
7.606796172,0.0
7.622447874,0.0
7.638099576,0.0
7.653751278,0.0
7.66940298,0.0
7.685054682,0.0
7.700706384,0.0
7.716358086,0.0001
7.732009788,0.0
7.74766149,0.0
7.763313192,0.0
7.778964894,0.0
7.794616596,0.0
7.810268298,0.0001
